S = {0, 14, 13, 5, 16, 11, 10, 9, 12, 0, 8, 7, 15, 4, 3, 2, 1, 
0, 31, 30, 22, 33, 28, 27, 26, 29, 0, 25, 24, 32, 21, 20, 19, 
18, 0, 48, 47, 39, 50, 45, 44, 43, 46, 0, 42, 41, 49, 38, 37, 
36, 35, 0, 65, 64, 56, 67, 62, 61, 60, 63, 0, 59, 58, 66, 55, 
54, 53, 52, 0, 82, 81, 73, 84, 79, 78, 77, 80, 0, 76, 75, 83, 
72, 71, 70, 69, 0, 99, 98, 90, 101, 96, 95, 94, 97, 0, 93, 92, 
100, 89, 88, 87, 86, 0, 116, 115, 107, 118, 113, 112, 111, 114, 0, 110, 
109, 117, 106, 105, 104, 103, 0, 133, 132, 124, 135, 130, 129, 128, 131, 0, 
127, 126, 134, 123, 122, 121, 120, 0, 150, 149, 141, 152, 147, 146, 145, 148, 
0, 144, 143, 151, 140, 139, 138, 137, 0, 167, 166, 158, 169, 164, 163, 162, 
165, 0, 161, 160, 168, 157, 156, 155, 154, 0, 184, 183, 175, 186, 181, 180, 
179, 182, 0, 178, 177, 185, 174, 173, 172, 171, 0, 201, 200, 192, 203, 198, 
197, 196, 199, 0, 195, 194, 202, 191, 190, 189, 188, 0, 218, 217, 209, 220, 
215, 214, 213, 216, 0, 212, 211, 219, 208, 207, 206, 205, 0, 235, 234, 226, 
237, 232, 231, 230, 233, 0, 229, 228, 236, 225, 224, 223, 222, 0, 252, 251, 
243, 254, 249, 248, 247, 250, 0, 246, 245, 253, 242, 241, 240, 239, 0, 269, 
268, 260, 271, 266, 265, 264, 267, 0, 263, 262, 270, 259, 258, 257, 256, 0, 
286, 285, 277, 288, 283, 282, 281, 284, 0, 280, 279, 287, 276, 275, 274, 273, 
0, 303, 302, 294, 305, 300, 299, 298, 301, 0, 297, 296, 304, 293, 292, 291, 
290, 0, 320, 319, 311, 322, 317, 316, 315, 318, 0, 314, 313, 321, 310, 309, 
308, 307, 0, 337, 336, 328, 339, 334, 333, 332, 335, 0, 331, 330, 338, 327, 
326, 325, 324, 0, 354, 353, 345, 356, 351, 350, 349, 352, 0, 348, 347, 355, 
344, 343, 342, 341, 0, 371, 370, 362, 373, 368, 367, 366, 369, 0, 365, 364, 
372, 361, 360, 359, 358, 0, 388, 387, 379, 390, 385, 384, 383, 386, 0, 382, 
381, 389, 378, 377, 376, 375, 0, 405, 404, 396, 407, 402, 401, 400, 403, 0, 
399, 398, 406, 395, 394, 393, 392, 0, 422, 421, 413, 424, 419, 418, 417, 420, 
0, 416, 415, 423, 412, 411, 410, 409, 0, 439, 438, 430, 441, 436, 435, 434, 
437, 0, 433, 432, 440, 429, 428, 427, 426, 0, 456, 455, 447, 458, 453, 452, 
451, 454, 0, 450, 449, 457, 446, 445, 444, 443, 0, 473, 472, 464, 475, 470, 
469, 468, 471, 0, 467, 466, 474, 463, 462, 461, 460, 0, 490, 489, 481, 492, 
487, 486, 485, 488, 0, 484, 483, 491, 480, 479, 478, 477, 0, 507, 506, 498, 
509, 504, 503, 502, 505, 0, 501, 500, 508, 497, 496, 495, 494, 0, 524, 523, 
515, 526, 521, 520, 519, 522, 0, 518, 517, 525, 514, 513, 512, 511, 0, 541, 
540, 532, 543, 538, 537, 536, 539, 0, 535, 534, 542, 531, 530, 529, 528, 0, 
558, 557, 549, 560, 555, 554, 553, 556, 0, 552, 551, 559, 548, 547, 546, 545, 
0, 575, 574, 566, 577, 572, 571, 570, 573, 0, 569, 568, 576, 565, 564, 563, 
562, 0, 592, 591, 583, 594, 589, 588, 587, 590, 0, 586, 585, 593, 582, 581, 
580, 579, 0, 609, 608, 600, 611, 606, 605, 604, 607, 0, 603, 602, 610, 599, 
598, 597, 596, 0, 626, 625, 617, 628, 623, 622, 621, 624, 0, 620, 619, 627, 
616, 615, 614, 613, 0, 643, 642, 634, 645, 640, 639, 638, 641, 0, 637, 636, 
644, 633, 632, 631, 630, 0, 660, 659, 651, 662, 657, 656, 655, 658, 0, 654, 
653, 661, 650, 649, 648, 647, 0, 677, 676, 668, 679, 674, 673, 672, 675, 0, 
671, 670, 678, 667, 666, 665, 664, 0, 694, 693, 685, 696, 691, 690, 689, 692, 
0, 688, 687, 695, 684, 683, 682, 681, 0, 711, 710, 702, 713, 708, 707, 706, 
709, 0, 705, 704, 712, 701, 700, 699, 698, 0, 728, 727, 719, 730, 725, 724, 
723, 726, 0, 722, 721, 729, 718, 717, 716, 715, 0, 745, 744, 736, 747, 742, 
741, 740, 743, 0, 739, 738, 746, 735, 734, 733, 732, 0, 762, 761, 753, 764, 
759, 758, 757, 760, 0, 756, 755, 763, 752, 751, 750, 749, 0, 779, 778, 770, 
781, 776, 775, 774, 777, 0, 773, 772, 780, 769, 768, 767, 766, 0, 796, 795, 
787, 798, 793, 792, 791, 794, 0, 790, 789, 797, 786, 785, 784, 783, 0, 813, 
812, 804, 815, 810, 809, 808, 811, 0, 807, 806, 814, 803, 802, 801, 800, 0, 
830, 829, 821, 832, 827, 826, 825, 828, 0, 824, 823, 831, 820, 819, 818, 817, 
0, 847, 846, 838, 849, 844, 843, 842, 845, 0, 841, 840, 848, 837, 836, 835, 
834, 0, 864, 863, 855, 866, 861, 860, 859, 862, 0, 858, 857, 865, 854, 853, 
852, 851, 0, 881, 880, 872, 883, 878, 877, 876, 879, 0, 875, 874, 882, 871, 
870, 869, 868, 0, 898, 897, 889, 900, 895, 894, 893, 896, 0, 892, 891, 899, 
888, 887, 886, 885, 0, 915, 914, 906, 917, 912, 911, 910, 913, 0, 909, 908, 
916, 905, 904, 903, 902, 0, 932, 931, 923, 934, 929, 928, 927, 930, 0, 926, 
925, 933, 922, 921, 920, 919, 0, 949, 948, 940, 951, 946, 945, 944, 947, 0, 
943, 942, 950, 939, 938, 937, 936, 0, 966, 965, 957, 968, 963, 962, 961, 964, 
0, 960, 959, 967, 956, 955, 954, 953, 0, 983, 982, 974, 985, 980, 979, 978, 
981, 0, 977, 976, 984, 973, 972, 971, 970, 0, 1000, 999, 991, 1002, 997, 996, 
995, 998, 0, 994, 993, 1001, 990, 989, 988, 987, 0, 1017, 1016, 1008, 1019, 1014, 
1013, 1012, 1015, 0, 1011, 1010, 1018, 1007, 1006, 1005, 1004, 0, 1034, 1033, 1025, 1036, 
1031, 1030, 1029, 1032, 0, 1028, 1027, 1035, 1024, 1023, 1022, 1021, 0, 1051, 1050, 1042, 
1053, 1048, 1047, 1046, 1049, 0, 1045, 1044, 1052, 1041, 1040, 1039, 1038, 0, 1068, 1067, 
1059, 1070, 1065, 1064, 1063, 1066, 0, 1062, 1061, 1069, 1058, 1057, 1056, 1055, 0, 1085, 
1084, 1076, 1087, 1082, 1081, 1080, 1083, 0, 1079, 1078, 1086, 1075, 1074, 1073, 1072, 0, 
1102, 1101, 1093, 1104, 1099, 1098, 1097, 1100, 0, 1096, 1095, 1103, 1092, 1091, 1090, 1089, 
0, 1119, 1118, 1110, 1121, 1116, 1115, 1114, 1117, 0, 1113, 1112, 1120, 1109, 1108, 1107, 
1106, 0, 1136, 1135, 1127, 1138, 1133, 1132, 1131, 1134, 0, 1130, 1129, 1137, 1126, 1125, 
1124, 1123, 0, 1153, 1152, 1144, 1155, 1150, 1149, 1148, 1151, 0, 1147, 1146, 1154, 1143, 
1142, 1141, 1140, 0, 1170, 1169, 1161, 1172, 1167, 1166, 1165, 1168, 0, 1164, 1163, 1171, 
1160, 1159, 1158, 1157, 0, 1187, 1186, 1178, 1189, 1184, 1183, 1182, 1185, 0, 1181, 1180, 
1188, 1177, 1176, 1175, 1174, 0, 1204, 1203, 1195, 1206, 1201, 1200, 1199, 1202, 0, 1198, 
1197, 1205, 1194, 1193, 1192, 1191, 0, 1221, 1220, 1212, 1223, 1218, 1217, 1216, 1219, 0, 
1215, 1214, 1222, 1211, 1210, 1209, 1208, 0, 1238, 1237, 1229, 1240, 1235, 1234, 1233, 1236, 
0, 1232, 1231, 1239, 1228, 1227, 1226, 1225, 0, 1255, 1254, 1246, 1257, 1252, 1251, 1250, 
1253, 0, 1249, 1248, 1256, 1245, 1244, 1243, 1242, 0, 1272, 1271, 1263, 1274, 1269, 1268, 
1267, 1270, 0, 1266, 1265, 1273, 1262, 1261, 1260, 1259, 0, 1289, 1288, 1280, 1291, 1286, 
1285, 1284, 1287, 0, 1283, 1282, 1290, 1279, 1278, 1277, 1276, 0, 1306, 1305, 1297, 1308, 
1303, 1302, 1301, 1304, 0, 1300, 1299, 1307, 1296, 1295, 1294, 1293, 0, 1323, 1322, 1314, 
1325, 1320, 1319, 1318, 1321, 0, 1317, 1316, 1324, 1313, 1312, 1311, 1310, 0, 1340, 1339, 
1331, 1342, 1337, 1336, 1335, 1338, 0, 1334, 1333, 1341, 1330, 1329, 1328, 1327, 0, 1357, 
1356, 1348, 1359, 1354, 1353, 1352, 1355, 0, 1351, 1350, 1358, 1347, 1346, 1345, 1344, 0, 
1374, 1373, 1365, 1376, 1371, 1370, 1369, 1372, 0, 1368, 1367, 1375, 1364, 1363, 1362, 1361, 
0, 1391, 1390, 1382, 1393, 1388, 1387, 1386, 1389, 0, 1385, 1384, 1392, 1381, 1380, 1379, 
1378, 0, 1408, 1407, 1399, 1410, 1405, 1404, 1403, 1406, 0, 1402, 1401, 1409, 1398, 1397, 
1396, 1395, 0, 1425, 1424, 1416, 1427, 1422, 1421, 1420, 1423, 0, 1419, 1418, 1426, 1415, 
1414, 1413, 1412, 0, 1442, 1441, 1433, 1444, 1439, 1438, 1437, 1440, 0, 1436, 1435, 1443, 
1432, 1431, 1430, 1429, 0, 1459, 1458, 1450, 1461, 1456, 1455, 1454, 1457, 0, 1453, 1452, 
1460, 1449, 1448, 1447, 1446, 0, 1476, 1475, 1467, 1478, 1473, 1472, 1471, 1474, 0, 1470, 
1469, 1477, 1466, 1465, 1464, 1463, 0, 1493, 1492, 1484, 1495, 1490, 1489, 1488, 1491, 0, 
1487, 1486, 1494, 1483, 1482, 1481, 1480, 0, 1510, 1509, 1501, 1512, 1507, 1506, 1505, 1508, 
0, 1504, 1503, 1511, 1500, 1499, 1498, 1497, 0, 1527, 1526, 1518, 1529, 1524, 1523, 1522, 
1525, 0, 1521, 1520, 1528, 1517, 1516, 1515, 1514, 0, 1544, 1543, 1535, 1546, 1541, 1540, 
1539, 1542, 0, 1538, 1537, 1545, 1534, 1533, 1532, 1531, 0, 1561, 1560, 1552, 1563, 1558, 
1557, 1556, 1559, 0, 1555, 1554, 1562, 1551, 1550, 1549, 1548, 0, 1578, 1577, 1569, 1580, 
1575, 1574, 1573, 1576, 0, 1572, 1571, 1579, 1568, 1567, 1566, 1565, 0, 1595, 1594, 1586, 
1597, 1592, 1591, 1590, 1593, 0, 1589, 1588, 1596, 1585, 1584, 1583, 1582, 0, 1612, 1611, 
1603, 1614, 1609, 1608, 1607, 1610, 0, 1606, 1605, 1613, 1602, 1601, 1600, 1599, 0, 1629, 
1628, 1620, 1631, 1626, 1625, 1624, 1627, 0, 1623, 1622, 1630, 1619, 1618, 1617, 1616, 0, 
1646, 1645, 1637, 1648, 1643, 1642, 1641, 1644, 0, 1640, 1639, 1647, 1636, 1635, 1634, 1633, 
0, 1663, 1662, 1654, 1665, 1660, 1659, 1658, 1661, 0, 1657, 1656, 1664, 1653, 1652, 1651, 
1650, 0, 1680, 1679, 1671, 1682, 1677, 1676, 1675, 1678, 0, 1674, 1673, 1681, 1670, 1669, 
1668, 1667, 0, 1697, 1696, 1688, 1699, 1694, 1693, 1692, 1695, 0, 1691, 1690, 1698, 1687, 
1686, 1685, 1684, 0, 1714, 1713, 1705, 1716, 1711, 1710, 1709, 1712, 0, 1708, 1707, 1715, 
1704, 1703, 1702, 1701, 0, 1731, 1730, 1722, 1733, 1728, 1727, 1726, 1729, 0, 1725, 1724, 
1732, 1721, 1720, 1719, 1718, 0, 1748, 1747, 1739, 1750, 1745, 1744, 1743, 1746, 0, 1742, 
1741, 1749, 1738, 1737, 1736, 1735, 0, 1765, 1764, 1756, 1767, 1762, 1761, 1760, 1763, 0, 
1759, 1758, 1766, 1755, 1754, 1753, 1752, 0, 1782, 1781, 1773, 1784, 1779, 1778, 1777, 1780, 
0, 1776, 1775, 1783, 1772, 1771, 1770, 1769, 0, 1799, 1798, 1790, 1801, 1796, 1795, 1794, 
1797, 0, 1793, 1792, 1800, 1789, 1788, 1787, 1786, 0, 1816, 1815, 1807, 1818, 1813, 1812, 
1811, 1814, 0, 1810, 1809, 1817, 1806, 1805, 1804, 1803, 0, 1833, 1832, 1824, 1835, 1830, 
1829, 1828, 1831, 0, 1827, 1826, 1834, 1823, 1822, 1821, 1820, 0, 1850, 1849, 1841, 1852, 
1847, 1846, 1845, 1848, 0, 1844, 1843, 1851, 1840, 1839, 1838, 1837, 0, 1867, 1866, 1858, 
1869, 1864, 1863, 1862, 1865, 0, 1861, 1860, 1868, 1857, 1856, 1855, 1854, 0, 1884, 1883, 
1875, 1886, 1881, 1880, 1879, 1882, 0, 1878, 1877, 1885, 1874, 1873, 1872, 1871, 0, 1901, 
1900, 1892, 1903, 1898, 1897, 1896, 1899, 0, 1895, 1894, 1902, 1891, 1890, 1889, 1888, 0, 
1918, 1917, 1909, 1920, 1915, 1914, 1913, 1916, 0, 1912, 1911, 1919, 1908, 1907, 1906, 1905, 
0, 1935, 1934, 1926, 1937, 1932, 1931, 1930, 1933, 0, 1929, 1928, 1936, 1925, 1924, 1923, 
1922, 0, 1952, 1951, 1943, 1954, 1949, 1948, 1947, 1950, 0, 1946, 1945, 1953, 1942, 1941, 
1940, 1939, 0, 1969, 1968, 1960, 1971, 1966, 1965, 1964, 1967, 0, 1963, 1962, 1970, 1959, 
1958, 1957, 1956, 0, 1986, 1985, 1977, 1988, 1983, 1982, 1981, 1984, 0, 1980, 1979, 1987, 
1976, 1975, 1974, 1973, 0, 2003, 2002, 1994, 2005, 2000, 1999, 1998, 2001, 0, 1997, 1996, 
2004, 1993, 1992, 1991, 1990, 0, 2020, 2019, 2011, 2022, 2017, 2016, 2015, 2018, 0, 2014, 
2013, 2021, 2010, 2009, 2008, 2007, 0, 2037, 2036, 2028, 2039, 2034, 2033, 2032, 2035, 0, 
2031, 2030, 2038, 2027, 2026, 2025, 2024, 0, 2054, 2053, 2045, 2056, 2051, 2050, 2049, 2052, 
0, 2048, 2047, 2055, 2044, 2043, 2042, 2041, 0, 2071, 2070, 2062, 2073, 2068, 2067, 2066, 
2069, 0, 2065, 2064, 2072, 2061, 2060, 2059, 2058, 0, 2088, 2087, 2079, 2090, 2085, 2084, 
2083, 2086, 0, 2082, 2081, 2089, 2078, 2077, 2076, 2075, 0, 2105, 2104, 2096, 2107, 2102, 
2101, 2100, 2103, 0, 2099, 2098, 2106, 2095, 2094, 2093, 2092, 0, 2122, 2121, 2113, 2124, 
2119, 2118, 2117, 2120, 0, 2116, 2115, 2123, 2112, 2111, 2110, 2109, 0, 2139, 2138, 2130, 
2141, 2136, 2135, 2134, 2137, 0, 2133, 2132, 2140, 2129, 2128, 2127, 2126, 0, 2156, 2155, 
2147, 2158, 2153, 2152, 2151, 2154, 0, 2150, 2149, 2157, 2146, 2145, 2144, 2143, 0, 2173, 
2172, 2164, 2175, 2170, 2169, 2168, 2171, 0, 2167, 2166, 2174, 2163, 2162, 2161, 2160, 0, 
2190, 2189, 2181, 2192, 2187, 2186, 2185, 2188, 0, 2184, 2183, 2191, 2180, 2179, 2178, 2177, 
0, 2207, 2206, 2198, 2209, 2204, 2203, 2202, 2205, 0, 2201, 2200, 2208, 2197, 2196, 2195, 
2194, 0, 2224, 2223, 2215, 2226, 2221, 2220, 2219, 2222, 0, 2218, 2217, 2225, 2214, 2213, 
2212, 2211, 0, 2241, 2240, 2232, 2243, 2238, 2237, 2236, 2239, 0, 2235, 2234, 2242, 2231, 
2230, 2229, 2228, 0, 2258, 2257, 2249, 2260, 2255, 2254, 2253, 2256, 0, 2252, 2251, 2259, 
2248, 2247, 2246, 2245, 0, 2275, 2274, 2266, 2277, 2272, 2271, 2270, 2273, 0, 2269, 2268, 
2276, 2265, 2264, 2263, 2262, 0, 2292, 2291, 2283, 2294, 2289, 2288, 2287, 2290, 0, 2286, 
2285, 2293, 2282, 2281, 2280, 2279, 0, 2309, 2308, 2300, 2311, 2306, 2305, 2304, 2307, 0, 
2303, 2302, 2310, 2299, 2298, 2297, 2296, 0, 2326, 2325, 2317, 2328, 2323, 2322, 2321, 2324, 
0, 2320, 2319, 2327, 2316, 2315, 2314, 2313, 0, 2343, 2342, 2334, 2345, 2340, 2339, 2338, 
2341, 0, 2337, 2336, 2344, 2333, 2332, 2331, 2330, 0, 2360, 2359, 2351, 2362, 2357, 2356, 
2355, 2358, 0, 2354, 2353, 2361, 2350, 2349, 2348, 2347, 0, 2377, 2376, 2368, 2379, 2374, 
2373, 2372, 2375, 0, 2371, 2370, 2378, 2367, 2366, 2365, 2364, 0, 2394, 2393, 2385, 2396, 
2391, 2390, 2389, 2392, 0, 2388, 2387, 2395, 2384, 2383, 2382, 2381, 0, 2411, 2410, 2402, 
2413, 2408, 2407, 2406, 2409, 0, 2405, 2404, 2412, 2401, 2400, 2399, 2398, 0, 2428, 2427, 
2419, 2430, 2425, 2424, 2423, 2426, 0, 2422, 2421, 2429, 2418, 2417, 2416, 2415, 0, 2445, 
2444, 2436, 2447, 2442, 2441, 2440, 2443, 0, 2439, 2438, 2446, 2435, 2434, 2433, 2432, 0, 
2462, 2461, 2453, 2464, 2459, 2458, 2457, 2460, 0, 2456, 2455, 2463, 2452, 2451, 2450, 2449, 
0, 2479, 2478, 2470, 2481, 2476, 2475, 2474, 2477, 0, 2473, 2472, 2480, 2469, 2468, 2467, 
2466, 0, 2496, 2495, 2487, 2498, 2493, 2492, 2491, 2494, 0, 2490, 2489, 2497, 2486, 2485, 
2484, 2483, 0, 2513, 2512, 2504, 2515, 2510, 2509, 2508, 2511, 0, 2507, 2506, 2514, 2503, 
2502, 2501, 2500, 0, 2530, 2529, 2521, 2532, 2527, 2526, 2525, 2528, 0, 2524, 2523, 2531, 
2520, 2519, 2518, 2517, 0, 2547, 2546, 2538, 2549, 2544, 2543, 2542, 2545, 0, 2541, 2540, 
2548, 2537, 2536, 2535, 2534, 0, 2564, 2563, 2555, 2566, 2561, 2560, 2559, 2562, 0, 2558, 
2557, 2565, 2554, 2553, 2552, 2551, 0, 2581, 2580, 2572, 2583, 2578, 2577, 2576, 2579, 0, 
2575, 2574, 2582, 2571, 2570, 2569, 2568, 0, 2598, 2597, 2589, 2600, 2595, 2594, 2593, 2596, 
0, 2592, 2591, 2599, 2588, 2587, 2586, 2585, 0, 2615, 2614, 2606, 2617, 2612, 2611, 2610, 
2613, 0, 2609, 2608, 2616, 2605, 2604, 2603, 2602, 0, 2632, 2631, 2623, 2634, 2629, 2628, 
2627, 2630, 0, 2626, 2625, 2633, 2622, 2621, 2620, 2619, 0, 2649, 2648, 2640, 2651, 2646, 
2645, 2644, 2647, 0, 2643, 2642, 2650, 2639, 2638, 2637, 2636, 0, 2666, 2665, 2657, 2668, 
2663, 2662, 2661, 2664, 0, 2660, 2659, 2667, 2656, 2655, 2654, 2653, 0, 2683, 2682, 2674, 
2685, 2680, 2679, 2678, 2681, 0, 2677, 2676, 2684, 2673, 2672, 2671, 2670, 0, 2700, 2699, 
2691, 2702, 2697, 2696, 2695, 2698, 0, 2694, 2693, 2701, 2690, 2689, 2688, 2687, 0, 2717, 
2716, 2708, 2719, 2714, 2713, 2712, 2715, 0, 2711, 2710, 2718, 2707, 2706, 2705, 2704, 0, 
2734, 2733, 2725, 2736, 2731, 2730, 2729, 2732, 0, 2728, 2727, 2735, 2724, 2723, 2722, 2721, 
0, 2751, 2750, 2742, 2753, 2748, 2747, 2746, 2749, 0, 2745, 2744, 2752, 2741, 2740, 2739, 
2738, 0, 2768, 2767, 2759, 2770, 2765, 2764, 2763, 2766, 0, 2762, 2761, 2769, 2758, 2757, 
2756, 2755, 0, 2785, 2784, 2776, 2787, 2782, 2781, 2780, 2783, 0, 2779, 2778, 2786, 2775, 
2774, 2773, 2772, 0, 2802, 2801, 2793, 2804, 2799, 2798, 2797, 2800, 0, 2796, 2795, 2803, 
2792, 2791, 2790, 2789, 0, 2819, 2818, 2810, 2821, 2816, 2815, 2814, 2817, 0, 2813, 2812, 
2820, 2809, 2808, 2807, 2806, 0, 2836, 2835, 2827, 2838, 2833, 2832, 2831, 2834, 0, 2830, 
2829, 2837, 2826, 2825, 2824, 2823, 0, 2853, 2852, 2844, 2855, 2850, 2849, 2848, 2851, 0, 
2847, 2846, 2854, 2843, 2842, 2841, 2840, 0, 2870, 2869, 2861, 2872, 2867, 2866, 2865, 2868, 
0, 2864, 2863, 2871, 2860, 2859, 2858, 2857, 0, 2887, 2886, 2878, 2889, 2884, 2883, 2882, 
2885, 0, 2881, 2880, 2888, 2877, 2876, 2875, 2874, 0, 2904, 2903, 2895, 2906, 2901, 2900, 
2899, 2902, 0, 2898, 2897, 2905, 2894, 2893, 2892, 2891, 0, 2921, 2920, 2912, 2923, 2918, 
2917, 2916, 2919, 0, 2915, 2914, 2922, 2911, 2910, 2909, 2908, 0, 2938, 2937, 2929, 2940, 
2935, 2934, 2933, 2936, 0, 2932, 2931, 2939, 2928, 2927, 2926, 2925, 0, 2955, 2954, 2946, 
2957, 2952, 2951, 2950, 2953, 0, 2949, 2948, 2956, 2945, 2944, 2943, 2942, 0, 2972, 2971, 
2963, 2974, 2969, 2968, 2967, 2970, 0, 2966, 2965, 2973, 2962, 2961, 2960, 2959, 0, 2989, 
2988, 2980, 2991, 2986, 2985, 2984, 2987, 0, 2983, 2982, 2990, 2979, 2978, 2977, 2976, 0, 
3006, 3005, 2997, 3008, 3003, 3002, 3001, 3004, 0, 3000, 2999, 3007, 2996, 2995, 2994, 2993, 
0, 3023, 3022, 3014, 3025, 3020, 3019, 3018, 3021, 0, 3017, 3016, 3024, 3013, 3012, 3011, 
3010, 0, 3040, 3039, 3031, 3042, 3037, 3036, 3035, 3038, 0, 3034, 3033, 3041, 3030, 3029, 
3028, 3027, 0, 3057, 3056, 3048, 3059, 3054, 3053, 3052, 3055, 0, 3051, 3050, 3058, 3047, 
3046, 3045, 3044, 0, 3074, 3073, 3065, 3076, 3071, 3070, 3069, 3072, 0, 3068, 3067, 3075, 
3064, 3063, 3062, 3061, 0, 3091, 3090, 3082, 3093, 3088, 3087, 3086, 3089, 0, 3085, 3084, 
3092, 3081, 3080, 3079, 3078, 0, 3108, 3107, 3099, 3110, 3105, 3104, 3103, 3106, 0, 3102, 
3101, 3109, 3098, 3097, 3096, 3095, 0, 3125, 3124, 3116, 3127, 3122, 3121, 3120, 3123, 0, 
3119, 3118, 3126, 3115, 3114, 3113, 3112, 0, 3142, 3141, 3133, 3144, 3139, 3138, 3137, 3140, 
0, 3136, 3135, 3143, 3132, 3131, 3130, 3129, 0, 3159, 3158, 3150, 3161, 3156, 3155, 3154, 
3157, 0, 3153, 3152, 3160, 3149, 3148, 3147, 3146, 0, 3176, 3175, 3167, 3178, 3173, 3172, 
3171, 3174, 0, 3170, 3169, 3177, 3166, 3165, 3164, 3163, 0, 3193, 3192, 3184, 3195, 3190, 
3189, 3188, 3191, 0, 3187, 3186, 3194, 3183, 3182, 3181, 3180, 0, 3210, 3209, 3201, 3212, 
3207, 3206, 3205, 3208, 0, 3204, 3203, 3211, 3200, 3199, 3198, 3197, 0, 3227, 3226, 3218, 
3229, 3224, 3223, 3222, 3225, 0, 3221, 3220, 3228, 3217, 3216, 3215, 3214, 0, 3244, 3243, 
3235, 3246, 3241, 3240, 3239, 3242, 0, 3238, 3237, 3245, 3234, 3233, 3232, 3231, 0, 3261, 
3260, 3252, 3263, 3258, 3257, 3256, 3259, 0, 3255, 3254, 3262, 3251, 3250, 3249, 3248, 0, 
3278, 3277, 3269, 3280, 3275, 3274, 3273, 3276, 0, 3272, 3271, 3279, 3268, 3267, 3266, 3265, 
0, 3295, 3294, 3286, 3297, 3292, 3291, 3290, 3293, 0, 3289, 3288, 3296, 3285, 3284, 3283, 
3282, 0, 3312, 3311, 3303, 3314, 3309, 3308, 3307, 3310, 0, 3306, 3305, 3313, 3302, 3301, 
3300, 3299, 0, 3329, 3328, 3320, 3331, 3326, 3325, 3324, 3327, 0, 3323, 3322, 3330, 3319, 
3318, 3317, 3316, 0, 3346, 3345, 3337, 3348, 3343, 3342, 3341, 3344, 0, 3340, 3339, 3347, 
3336, 3335, 3334, 3333, 0, 3363, 3362, 3354, 3365, 3360, 3359, 3358, 3361, 0, 3357, 3356, 
3364, 3353, 3352, 3351, 3350, 0, 3380, 3379, 3371, 3382, 3377, 3376, 3375, 3378, 0, 3374, 
3373, 3381, 3370, 3369, 3368, 3367, 0, 3397, 3396, 3388, 3399, 3394, 3393, 3392, 3395, 0, 
3391, 3390, 3398, 3387, 3386, 3385, 3384, 0, 3414, 3413, 3405, 3416, 3411, 3410, 3409, 3412, 
0, 3408, 3407, 3415, 3404, 3403, 3402, 3401, 0, 3431, 3430, 3422, 3433, 3428, 3427, 3426, 
3429, 0, 3425, 3424, 3432, 3421, 3420, 3419, 3418, 0, 3448, 3447, 3439, 3450, 3445, 3444, 
3443, 3446, 0, 3442, 3441, 3449, 3438, 3437, 3436, 3435, 0, 3465, 3464, 3456, 3467, 3462, 
3461, 3460, 3463, 0, 3459, 3458, 3466, 3455, 3454, 3453, 3452, 0, 3482, 3481, 3473, 3484, 
3479, 3478, 3477, 3480, 0, 3476, 3475, 3483, 3472, 3471, 3470, 3469, 0, 3499, 3498, 3490, 
3501, 3496, 3495, 3494, 3497, 0, 3493, 3492, 3500, 3489, 3488, 3487, 3486, 0, 3516, 3515, 
3507, 3518, 3513, 3512, 3511, 3514, 0, 3510, 3509, 3517, 3506, 3505, 3504, 3503, 0, 3533, 
3532, 3524, 3535, 3530, 3529, 3528, 3531, 0, 3527, 3526, 3534, 3523, 3522, 3521, 3520, 0, 
3550, 3549, 3541, 3552, 3547, 3546, 3545, 3548, 0, 3544, 3543, 3551, 3540, 3539, 3538, 3537, 
0, 3567, 3566, 3558, 3569, 3564, 3563, 3562, 3565, 0, 3561, 3560, 3568, 3557, 3556, 3555, 
3554, 0, 3584, 3583, 3575, 3586, 3581, 3580, 3579, 3582, 0, 3578, 3577, 3585, 3574, 3573, 
3572, 3571, 0, 3601, 3600, 3592, 3603, 3598, 3597, 3596, 3599, 0, 3595, 3594, 3602, 3591, 
3590, 3589, 3588, 0, 3618, 3617, 3609, 3620, 3615, 3614, 3613, 3616, 0, 3612, 3611, 3619, 
3608, 3607, 3606, 3605, 0, 3635, 3634, 3626, 3637, 3632, 3631, 3630, 3633, 0, 3629, 3628, 
3636, 3625, 3624, 3623, 3622, 0, 3652, 3651, 3643, 3654, 3649, 3648, 3647, 3650, 0, 3646, 
3645, 3653, 3642, 3641, 3640, 3639, 0, 3669, 3668, 3660, 3671, 3666, 3665, 3664, 3667, 0, 
3663, 3662, 3670, 3659, 3658, 3657, 3656, 0, 3686, 3685, 3677, 3688, 3683, 3682, 3681, 3684, 
0, 3680, 3679, 3687, 3676, 3675, 3674, 3673, 0, 3703, 3702, 3694, 3705, 3700, 3699, 3698, 
3701, 0, 3697, 3696, 3704, 3693, 3692, 3691, 3690, 0, 3720, 3719, 3711, 3722, 3717, 3716, 
3715, 3718, 0, 3714, 3713, 3721, 3710, 3709, 3708, 3707, 0, 3737, 3736, 3728, 3739, 3734, 
3733, 3732, 3735, 0, 3731, 3730, 3738, 3727, 3726, 3725, 3724, 0, 3754, 3753, 3745, 3756, 
3751, 3750, 3749, 3752, 0, 3748, 3747, 3755, 3744, 3743, 3742, 3741, 0, 3771, 3770, 3762, 
3773, 3768, 3767, 3766, 3769, 0, 3765, 3764, 3772, 3761, 3760, 3759, 3758, 0, 3788, 3787, 
3779, 3790, 3785, 3784, 3783, 3786, 0, 3782, 3781, 3789, 3778, 3777, 3776, 3775, 0, 3805, 
3804, 3796, 3807, 3802, 3801, 3800, 3803, 0, 3799, 3798, 3806, 3795, 3794, 3793, 3792, 0, 
3822, 3821, 3813, 3824, 3819, 3818, 3817, 3820, 0, 3816, 3815, 3823, 3812, 3811, 3810, 3809, 
0, 3839, 3838, 3830, 3841, 3836, 3835, 3834, 3837, 0, 3833, 3832, 3840, 3829, 3828, 3827, 
3826, 0, 3856, 3855, 3847, 3858, 3853, 3852, 3851, 3854, 0, 3850, 3849, 3857, 3846, 3845, 
3844, 3843, 0, 3873, 3872, 3864, 3875, 3870, 3869, 3868, 3871, 0, 3867, 3866, 3874, 3863, 
3862, 3861, 3860, 0, 3890, 3889, 3881, 3892, 3887, 3886, 3885, 3888, 0, 3884, 3883, 3891, 
3880, 3879, 3878, 3877, 0, 3907, 3906, 3898, 3909, 3904, 3903, 3902, 3905, 0, 3901, 3900, 
3908, 3897, 3896, 3895, 3894, 0, 3924, 3923, 3915, 3926, 3921, 3920, 3919, 3922, 0, 3918, 
3917, 3925, 3914, 3913, 3912, 3911, 0, 3941, 3940, 3932, 3943, 3938, 3937, 3936, 3939, 0, 
3935, 3934, 3942, 3931, 3930, 3929, 3928, 0, 3958, 3957, 3949, 3960, 3955, 3954, 3953, 3956, 
0, 3952, 3951, 3959, 3948, 3947, 3946, 3945, 0, 3975, 3974, 3966, 3977, 3972, 3971, 3970, 
3973, 0, 3969, 3968, 3976, 3965, 3964, 3963, 3962, 0, 3992, 3991, 3983, 3994, 3989, 3988, 
3987, 3990, 0, 3986, 3985, 3993, 3982, 3981, 3980, 3979, 0, 4009, 4008, 4000, 4011, 4006, 
4005, 4004, 4007, 0, 4003, 4002, 4010, 3999, 3998, 3997, 3996, 0, 4026, 4025, 4017, 4028, 
4023, 4022, 4021, 4024, 0, 4020, 4019, 4027, 4016, 4015, 4014, 4013, 0, 4043, 4042, 4034, 
4045, 4040, 4039, 4038, 4041, 0, 4037, 4036, 4044, 4033, 4032, 4031, 4030, 0, 4060, 4059, 
4051, 4062, 4057, 4056, 4055, 4058, 0, 4054, 4053, 4061, 4050, 4049, 4048, 4047, 0, 4077, 
4076, 4068, 4079, 4074, 4073, 4072, 4075, 0, 4071, 4070, 4078, 4067, 4066, 4065, 4064, 0, 
0, 0, 0, 0, 0, 0, 0, 0, 0, 0, 0, 0, 0, 0, 0, 0, 
} 

R = {0, 6, 10, 4, 8, 3, 15, 1, 13, 0, 14, 2, 12, 9, 5, 11, 7, 
0, 6, 10, 4, 8, 3, 15, 1, 13, 0, 14, 2, 12, 9, 5, 11, 
7, 0, 6, 10, 4, 8, 3, 15, 1, 13, 0, 14, 2, 12, 9, 5, 
11, 7, 0, 6, 10, 4, 8, 3, 15, 1, 13, 0, 14, 2, 12, 9, 
5, 11, 7, 0, 6, 10, 4, 8, 3, 15, 1, 13, 0, 14, 2, 12, 
9, 5, 11, 7, 0, 6, 10, 4, 8, 3, 15, 1, 13, 0, 14, 2, 
12, 9, 5, 11, 7, 0, 6, 10, 4, 8, 3, 15, 1, 13, 0, 14, 
2, 12, 9, 5, 11, 7, 0, 6, 10, 4, 8, 3, 15, 1, 13, 0, 
14, 2, 12, 9, 5, 11, 7, 0, 6, 10, 4, 8, 3, 15, 1, 13, 
0, 14, 2, 12, 9, 5, 11, 7, 0, 6, 10, 4, 8, 3, 15, 1, 
13, 0, 14, 2, 12, 9, 5, 11, 7, 0, 6, 10, 4, 8, 3, 15, 
1, 13, 0, 14, 2, 12, 9, 5, 11, 7, 0, 6, 10, 4, 8, 3, 
15, 1, 13, 0, 14, 2, 12, 9, 5, 11, 7, 0, 6, 10, 4, 8, 
3, 15, 1, 13, 0, 14, 2, 12, 9, 5, 11, 7, 0, 6, 10, 4, 
8, 3, 15, 1, 13, 0, 14, 2, 12, 9, 5, 11, 7, 0, 6, 10, 
4, 8, 3, 15, 1, 13, 0, 14, 2, 12, 9, 5, 11, 7, 0, 6, 
10, 4, 8, 3, 15, 1, 13, 0, 14, 2, 12, 9, 5, 11, 7, 0, 
6, 10, 4, 8, 3, 15, 1, 13, 0, 14, 2, 12, 9, 5, 11, 7, 
0, 6, 10, 4, 8, 3, 15, 1, 13, 0, 14, 2, 12, 9, 5, 11, 
7, 0, 6, 10, 4, 8, 3, 15, 1, 13, 0, 14, 2, 12, 9, 5, 
11, 7, 0, 6, 10, 4, 8, 3, 15, 1, 13, 0, 14, 2, 12, 9, 
5, 11, 7, 0, 6, 10, 4, 8, 3, 15, 1, 13, 0, 14, 2, 12, 
9, 5, 11, 7, 0, 6, 10, 4, 8, 3, 15, 1, 13, 0, 14, 2, 
12, 9, 5, 11, 7, 0, 6, 10, 4, 8, 3, 15, 1, 13, 0, 14, 
2, 12, 9, 5, 11, 7, 0, 6, 10, 4, 8, 3, 15, 1, 13, 0, 
14, 2, 12, 9, 5, 11, 7, 0, 6, 10, 4, 8, 3, 15, 1, 13, 
0, 14, 2, 12, 9, 5, 11, 7, 0, 6, 10, 4, 8, 3, 15, 1, 
13, 0, 14, 2, 12, 9, 5, 11, 7, 0, 6, 10, 4, 8, 3, 15, 
1, 13, 0, 14, 2, 12, 9, 5, 11, 7, 0, 6, 10, 4, 8, 3, 
15, 1, 13, 0, 14, 2, 12, 9, 5, 11, 7, 0, 6, 10, 4, 8, 
3, 15, 1, 13, 0, 14, 2, 12, 9, 5, 11, 7, 0, 6, 10, 4, 
8, 3, 15, 1, 13, 0, 14, 2, 12, 9, 5, 11, 7, 0, 6, 10, 
4, 8, 3, 15, 1, 13, 0, 14, 2, 12, 9, 5, 11, 7, 0, 6, 
10, 4, 8, 3, 15, 1, 13, 0, 14, 2, 12, 9, 5, 11, 7, 0, 
6, 10, 4, 8, 3, 15, 1, 13, 0, 14, 2, 12, 9, 5, 11, 7, 
0, 6, 10, 4, 8, 3, 15, 1, 13, 0, 14, 2, 12, 9, 5, 11, 
7, 0, 6, 10, 4, 8, 3, 15, 1, 13, 0, 14, 2, 12, 9, 5, 
11, 7, 0, 6, 10, 4, 8, 3, 15, 1, 13, 0, 14, 2, 12, 9, 
5, 11, 7, 0, 6, 10, 4, 8, 3, 15, 1, 13, 0, 14, 2, 12, 
9, 5, 11, 7, 0, 6, 10, 4, 8, 3, 15, 1, 13, 0, 14, 2, 
12, 9, 5, 11, 7, 0, 6, 10, 4, 8, 3, 15, 1, 13, 0, 14, 
2, 12, 9, 5, 11, 7, 0, 6, 10, 4, 8, 3, 15, 1, 13, 0, 
14, 2, 12, 9, 5, 11, 7, 0, 6, 10, 4, 8, 3, 15, 1, 13, 
0, 14, 2, 12, 9, 5, 11, 7, 0, 6, 10, 4, 8, 3, 15, 1, 
13, 0, 14, 2, 12, 9, 5, 11, 7, 0, 6, 10, 4, 8, 3, 15, 
1, 13, 0, 14, 2, 12, 9, 5, 11, 7, 0, 6, 10, 4, 8, 3, 
15, 1, 13, 0, 14, 2, 12, 9, 5, 11, 7, 0, 6, 10, 4, 8, 
3, 15, 1, 13, 0, 14, 2, 12, 9, 5, 11, 7, 0, 6, 10, 4, 
8, 3, 15, 1, 13, 0, 14, 2, 12, 9, 5, 11, 7, 0, 6, 10, 
4, 8, 3, 15, 1, 13, 0, 14, 2, 12, 9, 5, 11, 7, 0, 6, 
10, 4, 8, 3, 15, 1, 13, 0, 14, 2, 12, 9, 5, 11, 7, 0, 
6, 10, 4, 8, 3, 15, 1, 13, 0, 14, 2, 12, 9, 5, 11, 7, 
0, 6, 10, 4, 8, 3, 15, 1, 13, 0, 14, 2, 12, 9, 5, 11, 
7, 0, 6, 10, 4, 8, 3, 15, 1, 13, 0, 14, 2, 12, 9, 5, 
11, 7, 0, 6, 10, 4, 8, 3, 15, 1, 13, 0, 14, 2, 12, 9, 
5, 11, 7, 0, 6, 10, 4, 8, 3, 15, 1, 13, 0, 14, 2, 12, 
9, 5, 11, 7, 0, 6, 10, 4, 8, 3, 15, 1, 13, 0, 14, 2, 
12, 9, 5, 11, 7, 0, 6, 10, 4, 8, 3, 15, 1, 13, 0, 14, 
2, 12, 9, 5, 11, 7, 0, 6, 10, 4, 8, 3, 15, 1, 13, 0, 
14, 2, 12, 9, 5, 11, 7, 0, 6, 10, 4, 8, 3, 15, 1, 13, 
0, 14, 2, 12, 9, 5, 11, 7, 0, 6, 10, 4, 8, 3, 15, 1, 
13, 0, 14, 2, 12, 9, 5, 11, 7, 0, 6, 10, 4, 8, 3, 15, 
1, 13, 0, 14, 2, 12, 9, 5, 11, 7, 0, 6, 10, 4, 8, 3, 
15, 1, 13, 0, 14, 2, 12, 9, 5, 11, 7, 0, 6, 10, 4, 8, 
3, 15, 1, 13, 0, 14, 2, 12, 9, 5, 11, 7, 0, 6, 10, 4, 
8, 3, 15, 1, 13, 0, 14, 2, 12, 9, 5, 11, 7, 0, 6, 10, 
4, 8, 3, 15, 1, 13, 0, 14, 2, 12, 9, 5, 11, 7, 0, 6, 
10, 4, 8, 3, 15, 1, 13, 0, 14, 2, 12, 9, 5, 11, 7, 0, 
6, 10, 4, 8, 3, 15, 1, 13, 0, 14, 2, 12, 9, 5, 11, 7, 
0, 6, 10, 4, 8, 3, 15, 1, 13, 0, 14, 2, 12, 9, 5, 11, 
7, 0, 6, 10, 4, 8, 3, 15, 1, 13, 0, 14, 2, 12, 9, 5, 
11, 7, 0, 6, 10, 4, 8, 3, 15, 1, 13, 0, 14, 2, 12, 9, 
5, 11, 7, 0, 6, 10, 4, 8, 3, 15, 1, 13, 0, 14, 2, 12, 
9, 5, 11, 7, 0, 6, 10, 4, 8, 3, 15, 1, 13, 0, 14, 2, 
12, 9, 5, 11, 7, 0, 6, 10, 4, 8, 3, 15, 1, 13, 0, 14, 
2, 12, 9, 5, 11, 7, 0, 6, 10, 4, 8, 3, 15, 1, 13, 0, 
14, 2, 12, 9, 5, 11, 7, 0, 6, 10, 4, 8, 3, 15, 1, 13, 
0, 14, 2, 12, 9, 5, 11, 7, 0, 6, 10, 4, 8, 3, 15, 1, 
13, 0, 14, 2, 12, 9, 5, 11, 7, 0, 6, 10, 4, 8, 3, 15, 
1, 13, 0, 14, 2, 12, 9, 5, 11, 7, 0, 6, 10, 4, 8, 3, 
15, 1, 13, 0, 14, 2, 12, 9, 5, 11, 7, 0, 6, 10, 4, 8, 
3, 15, 1, 13, 0, 14, 2, 12, 9, 5, 11, 7, 0, 6, 10, 4, 
8, 3, 15, 1, 13, 0, 14, 2, 12, 9, 5, 11, 7, 0, 6, 10, 
4, 8, 3, 15, 1, 13, 0, 14, 2, 12, 9, 5, 11, 7, 0, 6, 
10, 4, 8, 3, 15, 1, 13, 0, 14, 2, 12, 9, 5, 11, 7, 0, 
6, 10, 4, 8, 3, 15, 1, 13, 0, 14, 2, 12, 9, 5, 11, 7, 
0, 6, 10, 4, 8, 3, 15, 1, 13, 0, 14, 2, 12, 9, 5, 11, 
7, 0, 6, 10, 4, 8, 3, 15, 1, 13, 0, 14, 2, 12, 9, 5, 
11, 7, 0, 6, 10, 4, 8, 3, 15, 1, 13, 0, 14, 2, 12, 9, 
5, 11, 7, 0, 6, 10, 4, 8, 3, 15, 1, 13, 0, 14, 2, 12, 
9, 5, 11, 7, 0, 6, 10, 4, 8, 3, 15, 1, 13, 0, 14, 2, 
12, 9, 5, 11, 7, 0, 6, 10, 4, 8, 3, 15, 1, 13, 0, 14, 
2, 12, 9, 5, 11, 7, 0, 6, 10, 4, 8, 3, 15, 1, 13, 0, 
14, 2, 12, 9, 5, 11, 7, 0, 6, 10, 4, 8, 3, 15, 1, 13, 
0, 14, 2, 12, 9, 5, 11, 7, 0, 6, 10, 4, 8, 3, 15, 1, 
13, 0, 14, 2, 12, 9, 5, 11, 7, 0, 6, 10, 4, 8, 3, 15, 
1, 13, 0, 14, 2, 12, 9, 5, 11, 7, 0, 6, 10, 4, 8, 3, 
15, 1, 13, 0, 14, 2, 12, 9, 5, 11, 7, 0, 6, 10, 4, 8, 
3, 15, 1, 13, 0, 14, 2, 12, 9, 5, 11, 7, 0, 6, 10, 4, 
8, 3, 15, 1, 13, 0, 14, 2, 12, 9, 5, 11, 7, 0, 6, 10, 
4, 8, 3, 15, 1, 13, 0, 14, 2, 12, 9, 5, 11, 7, 0, 6, 
10, 4, 8, 3, 15, 1, 13, 0, 14, 2, 12, 9, 5, 11, 7, 0, 
6, 10, 4, 8, 3, 15, 1, 13, 0, 14, 2, 12, 9, 5, 11, 7, 
0, 6, 10, 4, 8, 3, 15, 1, 13, 0, 14, 2, 12, 9, 5, 11, 
7, 0, 6, 10, 4, 8, 3, 15, 1, 13, 0, 14, 2, 12, 9, 5, 
11, 7, 0, 6, 10, 4, 8, 3, 15, 1, 13, 0, 14, 2, 12, 9, 
5, 11, 7, 0, 6, 10, 4, 8, 3, 15, 1, 13, 0, 14, 2, 12, 
9, 5, 11, 7, 0, 6, 10, 4, 8, 3, 15, 1, 13, 0, 14, 2, 
12, 9, 5, 11, 7, 0, 6, 10, 4, 8, 3, 15, 1, 13, 0, 14, 
2, 12, 9, 5, 11, 7, 0, 6, 10, 4, 8, 3, 15, 1, 13, 0, 
14, 2, 12, 9, 5, 11, 7, 0, 6, 10, 4, 8, 3, 15, 1, 13, 
0, 14, 2, 12, 9, 5, 11, 7, 0, 6, 10, 4, 8, 3, 15, 1, 
13, 0, 14, 2, 12, 9, 5, 11, 7, 0, 6, 10, 4, 8, 3, 15, 
1, 13, 0, 14, 2, 12, 9, 5, 11, 7, 0, 6, 10, 4, 8, 3, 
15, 1, 13, 0, 14, 2, 12, 9, 5, 11, 7, 0, 6, 10, 4, 8, 
3, 15, 1, 13, 0, 14, 2, 12, 9, 5, 11, 7, 0, 6, 10, 4, 
8, 3, 15, 1, 13, 0, 14, 2, 12, 9, 5, 11, 7, 0, 6, 10, 
4, 8, 3, 15, 1, 13, 0, 14, 2, 12, 9, 5, 11, 7, 0, 6, 
10, 4, 8, 3, 15, 1, 13, 0, 14, 2, 12, 9, 5, 11, 7, 0, 
6, 10, 4, 8, 3, 15, 1, 13, 0, 14, 2, 12, 9, 5, 11, 7, 
0, 6, 10, 4, 8, 3, 15, 1, 13, 0, 14, 2, 12, 9, 5, 11, 
7, 0, 6, 10, 4, 8, 3, 15, 1, 13, 0, 14, 2, 12, 9, 5, 
11, 7, 0, 6, 10, 4, 8, 3, 15, 1, 13, 0, 14, 2, 12, 9, 
5, 11, 7, 0, 6, 10, 4, 8, 3, 15, 1, 13, 0, 14, 2, 12, 
9, 5, 11, 7, 0, 6, 10, 4, 8, 3, 15, 1, 13, 0, 14, 2, 
12, 9, 5, 11, 7, 0, 6, 10, 4, 8, 3, 15, 1, 13, 0, 14, 
2, 12, 9, 5, 11, 7, 0, 6, 10, 4, 8, 3, 15, 1, 13, 0, 
14, 2, 12, 9, 5, 11, 7, 0, 6, 10, 4, 8, 3, 15, 1, 13, 
0, 14, 2, 12, 9, 5, 11, 7, 0, 6, 10, 4, 8, 3, 15, 1, 
13, 0, 14, 2, 12, 9, 5, 11, 7, 0, 6, 10, 4, 8, 3, 15, 
1, 13, 0, 14, 2, 12, 9, 5, 11, 7, 0, 6, 10, 4, 8, 3, 
15, 1, 13, 0, 14, 2, 12, 9, 5, 11, 7, 0, 6, 10, 4, 8, 
3, 15, 1, 13, 0, 14, 2, 12, 9, 5, 11, 7, 0, 6, 10, 4, 
8, 3, 15, 1, 13, 0, 14, 2, 12, 9, 5, 11, 7, 0, 6, 10, 
4, 8, 3, 15, 1, 13, 0, 14, 2, 12, 9, 5, 11, 7, 0, 6, 
10, 4, 8, 3, 15, 1, 13, 0, 14, 2, 12, 9, 5, 11, 7, 0, 
6, 10, 4, 8, 3, 15, 1, 13, 0, 14, 2, 12, 9, 5, 11, 7, 
0, 6, 10, 4, 8, 3, 15, 1, 13, 0, 14, 2, 12, 9, 5, 11, 
7, 0, 6, 10, 4, 8, 3, 15, 1, 13, 0, 14, 2, 12, 9, 5, 
11, 7, 0, 6, 10, 4, 8, 3, 15, 1, 13, 0, 14, 2, 12, 9, 
5, 11, 7, 0, 6, 10, 4, 8, 3, 15, 1, 13, 0, 14, 2, 12, 
9, 5, 11, 7, 0, 6, 10, 4, 8, 3, 15, 1, 13, 0, 14, 2, 
12, 9, 5, 11, 7, 0, 6, 10, 4, 8, 3, 15, 1, 13, 0, 14, 
2, 12, 9, 5, 11, 7, 0, 6, 10, 4, 8, 3, 15, 1, 13, 0, 
14, 2, 12, 9, 5, 11, 7, 0, 6, 10, 4, 8, 3, 15, 1, 13, 
0, 14, 2, 12, 9, 5, 11, 7, 0, 6, 10, 4, 8, 3, 15, 1, 
13, 0, 14, 2, 12, 9, 5, 11, 7, 0, 6, 10, 4, 8, 3, 15, 
1, 13, 0, 14, 2, 12, 9, 5, 11, 7, 0, 6, 10, 4, 8, 3, 
15, 1, 13, 0, 14, 2, 12, 9, 5, 11, 7, 0, 6, 10, 4, 8, 
3, 15, 1, 13, 0, 14, 2, 12, 9, 5, 11, 7, 0, 6, 10, 4, 
8, 3, 15, 1, 13, 0, 14, 2, 12, 9, 5, 11, 7, 0, 6, 10, 
4, 8, 3, 15, 1, 13, 0, 14, 2, 12, 9, 5, 11, 7, 0, 6, 
10, 4, 8, 3, 15, 1, 13, 0, 14, 2, 12, 9, 5, 11, 7, 0, 
6, 10, 4, 8, 3, 15, 1, 13, 0, 14, 2, 12, 9, 5, 11, 7, 
0, 6, 10, 4, 8, 3, 15, 1, 13, 0, 14, 2, 12, 9, 5, 11, 
7, 0, 6, 10, 4, 8, 3, 15, 1, 13, 0, 14, 2, 12, 9, 5, 
11, 7, 0, 6, 10, 4, 8, 3, 15, 1, 13, 0, 14, 2, 12, 9, 
5, 11, 7, 0, 6, 10, 4, 8, 3, 15, 1, 13, 0, 14, 2, 12, 
9, 5, 11, 7, 0, 6, 10, 4, 8, 3, 15, 1, 13, 0, 14, 2, 
12, 9, 5, 11, 7, 0, 6, 10, 4, 8, 3, 15, 1, 13, 0, 14, 
2, 12, 9, 5, 11, 7, 0, 6, 10, 4, 8, 3, 15, 1, 13, 0, 
14, 2, 12, 9, 5, 11, 7, 0, 6, 10, 4, 8, 3, 15, 1, 13, 
0, 14, 2, 12, 9, 5, 11, 7, 0, 6, 10, 4, 8, 3, 15, 1, 
13, 0, 14, 2, 12, 9, 5, 11, 7, 0, 6, 10, 4, 8, 3, 15, 
1, 13, 0, 14, 2, 12, 9, 5, 11, 7, 0, 6, 10, 4, 8, 3, 
15, 1, 13, 0, 14, 2, 12, 9, 5, 11, 7, 0, 6, 10, 4, 8, 
3, 15, 1, 13, 0, 14, 2, 12, 9, 5, 11, 7, 0, 6, 10, 4, 
8, 3, 15, 1, 13, 0, 14, 2, 12, 9, 5, 11, 7, 0, 6, 10, 
4, 8, 3, 15, 1, 13, 0, 14, 2, 12, 9, 5, 11, 7, 0, 6, 
10, 4, 8, 3, 15, 1, 13, 0, 14, 2, 12, 9, 5, 11, 7, 0, 
6, 10, 4, 8, 3, 15, 1, 13, 0, 14, 2, 12, 9, 5, 11, 7, 
0, 6, 10, 4, 8, 3, 15, 1, 13, 0, 14, 2, 12, 9, 5, 11, 
7, 0, 6, 10, 4, 8, 3, 15, 1, 13, 0, 14, 2, 12, 9, 5, 
11, 7, 0, 6, 10, 4, 8, 3, 15, 1, 13, 0, 14, 2, 12, 9, 
5, 11, 7, 0, 6, 10, 4, 8, 3, 15, 1, 13, 0, 14, 2, 12, 
9, 5, 11, 7, 0, 6, 10, 4, 8, 3, 15, 1, 13, 0, 14, 2, 
12, 9, 5, 11, 7, 0, 6, 10, 4, 8, 3, 15, 1, 13, 0, 14, 
2, 12, 9, 5, 11, 7, 0, 6, 10, 4, 8, 3, 15, 1, 13, 0, 
14, 2, 12, 9, 5, 11, 7, 0, 6, 10, 4, 8, 3, 15, 1, 13, 
0, 14, 2, 12, 9, 5, 11, 7, 0, 6, 10, 4, 8, 3, 15, 1, 
13, 0, 14, 2, 12, 9, 5, 11, 7, 0, 6, 10, 4, 8, 3, 15, 
1, 13, 0, 14, 2, 12, 9, 5, 11, 7, 0, 6, 10, 4, 8, 3, 
15, 1, 13, 0, 14, 2, 12, 9, 5, 11, 7, 0, 6, 10, 4, 8, 
3, 15, 1, 13, 0, 14, 2, 12, 9, 5, 11, 7, 0, 6, 10, 4, 
8, 3, 15, 1, 13, 0, 14, 2, 12, 9, 5, 11, 7, 0, 6, 10, 
4, 8, 3, 15, 1, 13, 0, 14, 2, 12, 9, 5, 11, 7, 0, 6, 
10, 4, 8, 3, 15, 1, 13, 0, 14, 2, 12, 9, 5, 11, 7, 0, 
6, 10, 4, 8, 3, 15, 1, 13, 0, 14, 2, 12, 9, 5, 11, 7, 
0, 6, 10, 4, 8, 3, 15, 1, 13, 0, 14, 2, 12, 9, 5, 11, 
7, 0, 6, 10, 4, 8, 3, 15, 1, 13, 0, 14, 2, 12, 9, 5, 
11, 7, 0, 6, 10, 4, 8, 3, 15, 1, 13, 0, 14, 2, 12, 9, 
5, 11, 7, 0, 6, 10, 4, 8, 3, 15, 1, 13, 0, 14, 2, 12, 
9, 5, 11, 7, 0, 6, 10, 4, 8, 3, 15, 1, 13, 0, 14, 2, 
12, 9, 5, 11, 7, 0, 6, 10, 4, 8, 3, 15, 1, 13, 0, 14, 
2, 12, 9, 5, 11, 7, 0, 6, 10, 4, 8, 3, 15, 1, 13, 0, 
14, 2, 12, 9, 5, 11, 7, 0, 6, 10, 4, 8, 3, 15, 1, 13, 
0, 14, 2, 12, 9, 5, 11, 7, 0, 6, 10, 4, 8, 3, 15, 1, 
13, 0, 14, 2, 12, 9, 5, 11, 7, 0, 6, 10, 4, 8, 3, 15, 
1, 13, 0, 14, 2, 12, 9, 5, 11, 7, 0, 6, 10, 4, 8, 3, 
15, 1, 13, 0, 14, 2, 12, 9, 5, 11, 7, 0, 6, 10, 4, 8, 
3, 15, 1, 13, 0, 14, 2, 12, 9, 5, 11, 7, 0, 6, 10, 4, 
8, 3, 15, 1, 13, 0, 14, 2, 12, 9, 5, 11, 7, 0, 6, 10, 
4, 8, 3, 15, 1, 13, 0, 14, 2, 12, 9, 5, 11, 7, 0, 6, 
10, 4, 8, 3, 15, 1, 13, 0, 14, 2, 12, 9, 5, 11, 7, 0, 
6, 10, 4, 8, 3, 15, 1, 13, 0, 14, 2, 12, 9, 5, 11, 7, 
0, 6, 10, 4, 8, 3, 15, 1, 13, 0, 14, 2, 12, 9, 5, 11, 
7, 0, 6, 10, 4, 8, 3, 15, 1, 13, 0, 14, 2, 12, 9, 5, 
11, 7, 0, 6, 10, 4, 8, 3, 15, 1, 13, 0, 14, 2, 12, 9, 
5, 11, 7, 0, 6, 10, 4, 8, 3, 15, 1, 13, 0, 14, 2, 12, 
9, 5, 11, 7, 0, 6, 10, 4, 8, 3, 15, 1, 13, 0, 14, 2, 
12, 9, 5, 11, 7, 0, 6, 10, 4, 8, 3, 15, 1, 13, 0, 14, 
2, 12, 9, 5, 11, 7, 0, 6, 10, 4, 8, 3, 15, 1, 13, 0, 
14, 2, 12, 9, 5, 11, 7, 0, 6, 10, 4, 8, 3, 15, 1, 13, 
0, 14, 2, 12, 9, 5, 11, 7, 0, 6, 10, 4, 8, 3, 15, 1, 
13, 0, 14, 2, 12, 9, 5, 11, 7, 0, 6, 10, 4, 8, 3, 15, 
1, 13, 0, 14, 2, 12, 9, 5, 11, 7, 0, 6, 10, 4, 8, 3, 
15, 1, 13, 0, 14, 2, 12, 9, 5, 11, 7, 0, 6, 10, 4, 8, 
3, 15, 1, 13, 0, 14, 2, 12, 9, 5, 11, 7, 0, 6, 10, 4, 
8, 3, 15, 1, 13, 0, 14, 2, 12, 9, 5, 11, 7, 0, 6, 10, 
4, 8, 3, 15, 1, 13, 0, 14, 2, 12, 9, 5, 11, 7, 0, 6, 
10, 4, 8, 3, 15, 1, 13, 0, 14, 2, 12, 9, 5, 11, 7, 0, 
6, 10, 4, 8, 3, 15, 1, 13, 0, 14, 2, 12, 9, 5, 11, 7, 
0, 6, 10, 4, 8, 3, 15, 1, 13, 0, 14, 2, 12, 9, 5, 11, 
7, 0, 6, 10, 4, 8, 3, 15, 1, 13, 0, 14, 2, 12, 9, 5, 
11, 7, 0, 6, 10, 4, 8, 3, 15, 1, 13, 0, 14, 2, 12, 9, 
5, 11, 7, 0, 6, 10, 4, 8, 3, 15, 1, 13, 0, 14, 2, 12, 
9, 5, 11, 7, 0, 6, 10, 4, 8, 3, 15, 1, 13, 0, 14, 2, 
12, 9, 5, 11, 7, 0, 6, 10, 4, 8, 3, 15, 1, 13, 0, 14, 
2, 12, 9, 5, 11, 7, 0, 6, 10, 4, 8, 3, 15, 1, 13, 0, 
14, 2, 12, 9, 5, 11, 7, 0, 6, 10, 4, 8, 3, 15, 1, 13, 
0, 14, 2, 12, 9, 5, 11, 7, 0, 6, 10, 4, 8, 3, 15, 1, 
13, 0, 14, 2, 12, 9, 5, 11, 7, 0, 6, 10, 4, 8, 3, 15, 
1, 13, 0, 14, 2, 12, 9, 5, 11, 7, 0, 6, 10, 4, 8, 3, 
15, 1, 13, 0, 14, 2, 12, 9, 5, 11, 7, 0, 6, 10, 4, 8, 
3, 15, 1, 13, 0, 14, 2, 12, 9, 5, 11, 7, 0, 6, 10, 4, 
8, 3, 15, 1, 13, 0, 14, 2, 12, 9, 5, 11, 7, 0, 6, 10, 
4, 8, 3, 15, 1, 13, 0, 14, 2, 12, 9, 5, 11, 7, 0, 6, 
10, 4, 8, 3, 15, 1, 13, 0, 14, 2, 12, 9, 5, 11, 7, 0, 
6, 10, 4, 8, 3, 15, 1, 13, 0, 14, 2, 12, 9, 5, 11, 7, 
0, 6, 10, 4, 8, 3, 15, 1, 13, 0, 14, 2, 12, 9, 5, 11, 
7, 0, 6, 10, 4, 8, 3, 15, 1, 13, 0, 14, 2, 12, 9, 5, 
11, 7, 0, 6, 10, 4, 8, 3, 15, 1, 13, 0, 14, 2, 12, 9, 
5, 11, 7, 0, 6, 10, 4, 8, 3, 15, 1, 13, 0, 14, 2, 12, 
9, 5, 11, 7, 0, 6, 10, 4, 8, 3, 15, 1, 13, 0, 14, 2, 
12, 9, 5, 11, 7, 0, 6, 10, 4, 8, 3, 15, 1, 13, 0, 14, 
2, 12, 9, 5, 11, 7, 0, 6, 10, 4, 8, 3, 15, 1, 13, 0, 
14, 2, 12, 9, 5, 11, 7, 0, 6, 10, 4, 8, 3, 15, 1, 13, 
0, 14, 2, 12, 9, 5, 11, 7, 0, 6, 10, 4, 8, 3, 15, 1, 
13, 0, 14, 2, 12, 9, 5, 11, 7, 0, 6, 10, 4, 8, 3, 15, 
1, 13, 0, 14, 2, 12, 9, 5, 11, 7, 0, 6, 10, 4, 8, 3, 
15, 1, 13, 0, 14, 2, 12, 9, 5, 11, 7, 0, 6, 10, 4, 8, 
3, 15, 1, 13, 0, 14, 2, 12, 9, 5, 11, 7, 0, 6, 10, 4, 
8, 3, 15, 1, 13, 0, 14, 2, 12, 9, 5, 11, 7, 0, 6, 10, 
4, 8, 3, 15, 1, 13, 0, 14, 2, 12, 9, 5, 11, 7, 0, 6, 
10, 4, 8, 3, 15, 1, 13, 0, 14, 2, 12, 9, 5, 11, 7, 0, 
0, 0, 0, 0, 0, 0, 0, 0, 0, 0, 0, 0, 0, 0, 0, 0, 
