A = {1, 4, 12, 13, 14, 23, 28, 32, 36, 40, 53, 59, 61, 68, 71, 76, 85, 
86, 97, 107, 109, 111, 123, 129, 132, 136, } 

B = {2, 5, 18, 21, 24, 29, 31, 33, 34, 35, 47, 48, 49, 50, 52, 62, 66, 
70, 73, 80, 88, 89, 114, 124, 125, 131, 143, 144, 145, 148, 155, 159, } 

C = {1, 2, 4, 5, 12, 13, 14, 18, 21, 23, 24, 28, 29, 31, 32, 33, 34, 
35, 36, 40, 47, 48, 49, 50, 52, 53,59, 61, 62, 66, 68, 70, 71, 
73, 76, 80, 85, 86, 88, 89, 97, 107, 109, 111, 114, 123, 124, 125, 129, 
131, 132, 136, 143, 144, 145, 148, 155, 159, } 
