B = {
1335,
224,
2110,
58,
2955,
1660,
2338,
1048,
120,
2474,
1821,
1553,
942,
20,
4054,
1446,
1820,
109,
3073,
104,
2199,
955,
1464,
33,
1762,
1551,
958,
91,
804,
2198,
2807,
1435,
772,
3442,
3059,
2324,
887,
1301,
1484,
101,
119,
3305,
661,
1356,
944,
17,
1574,
2200,
219,
3737,
2335,
2343,
394,
2718,
1010,
1870,
893,
170,
556,
3164,
2600,
1363,
371,
3657,
798,
266,
1735,
1320,
635,
1348,
521,
537,
403,
1224,
3396,
1778,
295,
1130,
3361,
1000,
200,
1321,
1625,
2128,
2425,
1749,
3082,
3405,
3240,
1651,
4051,
613,
2427,
2507,
538,
1962,
3760,
2220,
833,
3752,
959,
289,
1294,
1531,
322,
3753,
2673,
854,
1064,
150,
1721,
484,
3877,
386,
285,
2206,
840,
1113,
3732,
3727,
215,
230,
3018,
823,
1196,
3343,
235,
1497,
1607,
354,
1895,
3133,
711,
2286,
4029,
1427,
1440,
928,
897,
3804,
3702,
1416,
2208,
847,
39,
3705,
3053,
1936,
686,
2689,
3226,
3182,
34,
3864,
2180,
405,
3111,
1728,
739,
274,
1807,
3950,
694,
456,
3198,
3383,
108,
1769,
3234,
914,
1210,
204,
744,
3376,
2523,
4002,
2240,
2008,
3173,
1216,
2699,
2422,
3210,
2972,
3118,
1568,
1543,
3372,
2664,
939,
933,
348,
3154,
1628,
3654,
341,
2255,
3482,
1834,
1685,
2668,
338,
1854,
4069,
1370,
1927,
539,
3218,
2659,
1989,
503,
980,
757,
2167,
2785,
2066,
441,
1939,
596,
2423,
3232,
2514,
3749,
392,
110,
1397,
3074,
1279,
2693,
3520,
2565,
2183,
3895,
4007,
1004,
388,
2561,
444,
3171,
1124,
3010,
1688,
600,
3007,
1621,
1541,
2467,
1371,
1309,
534,
3898,
2872,
4035,
3004,
2779,
3441,
2762,
899,
929,
1359,
1091,
304,
1059,
2103,
1304,
1840,
2022,
1036,
888,
3667,
2270,
1799,
1357,
3769,
2006,
1506,
2761,
3475,
1185,
128,
2832,
1073,
3454,
3417,
598,
1979,
256,
904,
2739,
1437,
2263,
505,
1242,
1800,
1591,
380,
562,
370,
745,
1450,
761,
3796,
2823,
4,
569,
1046,
779,
2495,
173,
1623,
421,
350,
4006,
284,
3754,
464,
1006,
517,
1482,
3045,
3263,
1134,
2075,
1160,
3940,
588,
1344,
873,
3262,
3906,
1980,
2932,
2570,
1483,
1750,
2831,
1426,
236,
3076,
485,
713,
637,
2261,
502,
1263,
2783,
2791,
3266,
2297,
3674,
174,
3579,
2725,
3128,
553,
2569,
3716,
1897,
2975,
2882,
671,
1168,
1872,
680,
3786,
3336,
1976,
3645,
1042,
2609,
2712,
589,
3992,
1956,
1135,
2051,
3480,
3926,
3549,
2549,
3505,
3205,
1312,
1164,
954,
1362,
1873,
3576,
1845,
3583,
2681,
725,
2113,
973,
1030,
2442,
759,
3637,
1991,
2160,
615,
3452,
529,
2047,
1391,
1519,
1311,
735,
2592,
862,
262,
287,
2131,
4073,
2080,
1874,
454,
3647,
994,
1338,
3134,
3021,
3967,
1324,
1489,
1853,
1704,
824,
1394,
799,
3123,
2318,
2013,
788,
127,
570,
3915,
836,
4055,
2717,
1045,
541,
952,
1729,
401,
1529,
2071,
3176,
2676,
3391,
2214,
3434,
656,
481,
4021,
99,
2328,
2120,
3206,
3190,
3329,
451,
1007,
3609,
1805,
1606,
2793,
11,
1429,
2081,
1689,
3122,
1522,
3661,
106,
3106,
2247,
2281,
1631,
2776,
1844,
2413,
3600,
3923,
1659,
312,
878,
2824,
532,
2372,
2404,
522,
3131,
3411,
1095,
1567,
1819,
1003,
886,
1121,
397,
3031,
1352,
2178,
727,
721,
3148,
2974,
2257,
1254,
363,
4017,
3990,
369,
1255,
577,
3351,
1896,
3927,
1851,
3742,
1722,
4060,
3304,
1510,
487,
2590,
1779,
258,
308,
2808,
42,
2980,
3281,
828,
1215,
175,
2767,
1298,
2164,
3041,
919,
3592,
301,
540,
752,
2981,
400,
1092,
1678,
1943,
2821,
3528,
3303,
1072,
68,
975,
587,
1802,
769,
1025,
1202,
700,
572,
2461,
1528,
1901,
2367,
3225,
1470,
564,
442,
1488,
4028,
1115,
875,
2077,
1342,
1644,
325,
1205,
2228,
3139,
2639,
3593,
1157,
3308,
3293,
3168,
1812,
2086,
611,
2846,
2786,
1131,
2795,
294,
2867,
776,
4033,
601,
859,
1339,
1671,
766,
281,
1994,
0,
1783,
2991,
3020,
3492,
3604,
2630,
830,
2151,
254,
1060,
872,
774,
1217,
2958,
475,
1629,
1648,
3251,
894,
1867,
3714,
435,
995,
3294,
1117,
1360,
519,
2373,
4049,
1904,
949,
176,
1877,
2344,
3623,
1501,
996,
3145,
3180,
3618,
612,
807,
121,
696,
192,
852,
3062,
1536,
494,
670,
2313,
2903,
1137,
178,
1024,
1040,
1308,
3149,
2649,
3184,
1260,
961,
2581,
1615,
2503,
190,
10,
2044,
1432,
3135,
2371,
1234,
1695,
997,
3816,
2097,
327,
1751,
3241,
2624,
3070,
1552,
620,
31,
2525,
1557,
4081,
268,
3612,
3914,
1019,
2638,
523,
3435,
2417,
2694,
1449,
2126,
3910,
1247,
3150,
1827,
3328,
1170,
1022,
2559,
2494,
3741,
2521,
3503,
1690,
889,
1222,
3513,
2168,
1910,
2942,
2516,
51,
2856,
409,
2647,
2862,
3514,
654,
2564,
3274,
732,
3525,
2642,
3688,
424,
2478,
1709,
1328,
1579,
1401,
2179,
4086,
920,
3178,
1041,
1810,
2388,
3836,
98,
2353,
1310,
1790,
2026,
1513,
3884,
2923,
259,
2860,
2078,
3826,
3902,
1865,
590,
1852,
491,
1187,
908,
1498,
3140,
2260,
2650,
497,
199,
1954,
3282,
1793,
3616,
3419,
1169,
3159,
3248,
3447,
2399,
1179,
458,
3573,
92,
296,
3473,
1292,
1361,
710,
1235,
2666,
864,
194,
2074,
3580,
3687,
3547,
895,
3892,
3311,
531,
2651,
1546,
2363,
1445,
3825,
2100,
1554,
191,
2686,
3363,
3862,
2462,
2163,
2232,
3946,
932,
3110,
863,
2633,
138,
1459,
195,
3651,
3911,
1973,
2138,
3292,
1656,
3291,
1251,
913,
2727,
525,
3534,
930,
2766,
82,
706,
3554,
1861,
134,
3856,
2670,
623,
1337,
1809,
3382,
3685,
2672,
666,
719,
3801,
2905,
2859,
1409,
2307,
2914,
1652,
2508,
3099,
1054,
3462,
1670,
1558,
2602,
16,
2476,
1127,
2671,
1934,
3899,
1620,
877,
1806,
962,
2551,
2118,
2294,
3142,
3833,
2841,
3986,
2871,
3487,
2582,
2996,
55,
3347,
1789,
2098,
3468,
1237,
2568,
269,
2878,
1842,
1079,
3797,
1602,
2555,
117,
1603,
515,
2416,
1824,
2191,
1111,
3691,
3268,
470,
3335,
3153,
3900,
3211,
2545,
378,
3969,
1924,
3820,
1662,
2652,
2687,
581,
3790,
1493,
1252,
1732,
1705,
1108,
3023,
3061,
3360,
3315,
2101,
3466,
1374,
2203,
357,
838,
4078,
2879,
1407,
2731,
1847,
3775,
1640,
986,
3648,
3065,
1238,
1214,
2079,
526,
1624,
1684,
115,
2682,
3416,
673,
184,
3755,
393,
3766,
653,
2365,
3188,
3288,
1473,
3669,
3455,
1675,
1138,
4088,
3464,
2536,
1707,
1576,
3722,
4031,
3089,
2802,
3252,
771,
4096,
1650,
1271,
1001,
410,
3174,
573,
3607,
851,
1165,
1444,
3152,
2850,
1767,
1791,
2127,
3143,
2147,
1586,
3945,
687,
1248,
1389,
3569,
2169,
3929,
1201,
778,
3326,
2207,
528,
2925,
2987,
712,
1814,
3731,
2576,
2157,
3678,
576,
2912,
2034,
2346,
2529,
3204,
2853,
114,
3728,
3296,
912,
15,
2046,
2803,
2657,
1734,
3000,
1404,
992,
3432,
3333,
2154,
1815,
815,
3081,
2719,
206,
3641,
3087,
1627,
1951,
1233,
447,
313,
1282,
1133,
2242,
2530,
3275,
2796,
2833,
2029,
3313,
3844,
448,
2483,
3518,
3012,
2547,
1622,
2415,
423,
1933,
53,
2977,
634,
3356,
290,
3259,
1212,
3169,
2648,
947,
1119,
2552,
2379,
1906,
925,
2740,
3097,
2865,
3203,
1296,
2035,
3476,
67,
1569,
3112,
714,
3993,
1517,
1768,
1963,
2357,
3321,
2500,
591,
2968,
881,
1604,
2466,
758,
2637,
2358,
999,
472,
489,
629,
3575,
1109,
19,
432,
1669,
682,
166,
3236,
2949,
2839,
3344,
3857,
2736,
3768,
3163,
3875,
554,
2285,
2709,
3509,
704,
2170,
731,
835,
2386,
2055,
3083,
3084,
1253,
643,
1592,
1269,
2780,
3695,
2212,
4034,
575,
1305,
2155,
1329,
1078,
1403,
2142,
3194,
3334,
796,
2408,
3104,
2043,
3535,
440,
1530,
868,
3948,
2729,
3750,
1672,
1002,
2738,
3160,
3300,
2058,
1642,
3943,
3006,
342,
1556,
1683,
1307,
2156,
162,
506,
2943,
3276,
3402,
25,
1570,
3704,
3433,
869,
1369,
2726,
2158,
787,
1451,
3378,
2116,
220,
202,
2278,
1144,
96,
238,
3553,
3995,
2396,
850,
2866,
1259,
13,
1682,
953,
1935,
1860,
1383,
229,
2377,
3047,
2843,
209,
2230,
567,
2493,
1796,
3024,
3879,
1062,
3590,
543,
227,
983,
1340,
1460,
3861,
415,
1616,
2060,
2337,
2560,
1159,
3803,
2579,
2124,
3551,
3341,
3046,
3221,
3530,
3799,
52,
963,
1012,
2392,
2010,
3277,
1518,
867,
3310,
2990,
2418,
1015,
1032,
3758,
2107,
2454,
2748,
1575,
3564,
1911,
3718,
3080,
2121,
1795,
1691,
427,
2706,
3337,
1499,
3671,
3684,
1524,
647,
3162,
457,
3058,
1983,
4072,
2398,
2617,
2210,
3481,
1148,
2619,
801,
2490,
3231,
100,
1014,
1345,
482,
1633,
1414,
205,
1555,
1156,
3358,
586,
3919,
381,
3272,
736,
495,
234,
545,
1733,
132,
902,
3872,
2091,
1676,
3558,
2851,
599,
2329,
1087,
2428,
1465,
2269,
2489,
1194,
2426,
333,
1461,
2811,
1572,
62,
4038,
3595,
2935,
149,
2954,
231,
351,
724,
819,
695,
2543,
2542,
3698,
3763,
4080,
978,
3230,
1664,
1081,
2940,
2350,
3998,
1654,
2620,
2241,
1182,
2234,
1433,
960,
1679,
1882,
2713,
2,
984,
3759,
1158,
513,
1594,
3709,
675,
2804,
3894,
118,
453,
1630,
2813,
1913,
3214,
4084,
1336,
4032,
291,
1888,
2918,
131,
3342,
2770,
2746,
86,
3461,
1974,
688,
425,
306,
1038,
44,
3460,
2961,
2190,
2096,
286,
1559,
438,
4064,
2094,
271,
1293,
1102,
1647,
2342,
3925,
1940,
817,
583,
957,
46,
1016,
701,
3712,
1788,
3371,
1262,
530,
3202,
1390,
2433,
1699,
2468,
632,
3566,
3340,
547,
2441,
2586,
277,
1366,
982,
1763,
2743,
2304,
2700,
1584,
2933,
2165,
156,
1830,
1843,
3987,
3448,
800,
785,
8,
2911,
1028,
249,
816,
280,
1944,
226,
2331,
2965,
2691,
3192,
610,
915,
1775,
657,
462,
74,
2499,
1408,
3037,
1176,
88,
2264,
1916,
2325,
1646,
3508,
336,
2106,
726,
3552,
2688,
1938,
1436,
319,
1417,
2593,
152,
2332,
2173,
276,
3496,
2745,
3312,
406,
557,
2683,
2133,
4043,
214,
3578,
59,
314,
1562,
805,
2798,
2660,
1626,
650,
2424,
1912,
1189,
2017,
2763,
1076,
3565,
3567,
1276,
3279,
3997,
3177,
3054,
2084,
1826,
1268,
3284,
3105,
857,
2309,
2465,
2827,
3079,
1766,
662,
2016,
1272,
1797,
2632,
1776,
3772,
3745,
1925,
3011,
3977,
3068,
751,
3469,
2836,
1114,
1785,
2511,
2430,
1564,
2544,
3961,
2716,
3784,
3516,
4020,
1098,
1550,
3339,
845,
1886,
2366,
1508,
2685,
1561,
2636,
1056,
3839,
3185,
433,
4000,
2449,
1876,
2204,
2613,
3577,
3369,
3428,
786,
3887,
1900,
3852,
3543,
1641,
186,
1153,
1466,
1487,
2384,
364,
408,
2256,
3912,
3306,
1286,
3980,
2599,
3686,
606,
1249,
3539,
1657,
1034,
533,
965,
2320,
1441,
558,
2161,
2794,
85,
3033,
2276,
1774,
760,
1376,
655,
2246,
4008,
2733,
3086,
3713,
2059,
926,
2045,
2541,
3209,
450,
2174,
95,
2434,
2093,
3979,
2149,
4018,
2381,
937,
3127,
3562,
2248,
3215,
2826,
1907,
2062,
2369,
1764,
2050,
1128,
2330,
3807,
1618,
1386,
3896,
337,
2354,
2300,
2710,
1199,
2132,
2119,
1816,
1803,
2289,
1581,
2742,
3928,
3675,
2828,
2861,
1849,
414,
2876,
493,
707,
1229,
1696,
3930,
1614,
2159,
2134,
1892,
2019,
806,
5,
2588,
2290,
1967,
1257,
3349,
4024,
2917,
1379,
3828,
2701,
261,
1021,
1107,
1442,
1995,
499,
107,
2976,
2235,
411,
1560,
3805,
3246,
3439,
476,
2989,
1712,
383,
3057,
2526,
358,
2737,
248,
3628,
379,
4070,
3556,
1151,
4041,
4077,
3387,
2502,
3244,
1825,
3652,
2854,
2268,
3036,
1905,
2896,
1423,
2945,
3783,
3954,
1982,
1037,
3960,
2221,
1714,
4027,
1635,
4022,
1839,
1563,
808,
3297,
3289,
396,
792,
311,
4075,
3273,
2623,
1166,
2222,
1730,
3067,
3271,
738,
993,
2675,
1756,
1850,
2226,
83,
3800,
2527,
1140,
1273,
681,
3486,
1784,
3181,
3425,
747,
57,
2049,
3510,
542,
2513,
3352,
775,
1050,
2189,
1947,
12,
1033,
1132,
1868,
733,
212,
2535,
2773,
4053,
2894,
3601,
1351,
2603,
2315,
668,
446,
2984,
3044,
2528,
2314,
2756,
669,
3056,
2845,
2056,
3357,
2102,
2253,
3621,
2431,
2587,
367,
2768,
298,
2658,
1598,
3936,
2436,
2720,
124,
2973,
1126,
1474,
990,
30,
3427,
884,
1332,
3764,
137,
326,
2217,
1996,
3559,
2901,
366,
2684,
2765,
3009,
2618,
3346,
903,
1928,
2677,
3733,
1161,
3429,
3780,
1063,
2750,
1197,
75,
374,
548,
2907,
2598,
967,
692,
1334,
1428,
1587,
2266,
1736,
3882,
3257,
3467,
848,
3903,
2908,
2135,
802,
136,
2806,
981,
1663,
2616,
468,
750,
2492,
1380,
3389,
3842,
3093,
3355,
3533,
2506,
1480,
2014,
1277,
3322,
213,
2090,
2271,
3847,
347,
641,
3217,
4025,
2834,
2730,
233,
3873,
3572,
3301,
2144,
3835,
1325,
3638,
1595,
2446,
2874,
3658,
2488,
3116,
1823,
391,
3589,
2880,
1055,
987,
3258,
1051,
1949,
3715,
2926,
3665,
2524,
3586,
3207,
972,
2136,
2048,
241,
2591,
78,
1384,
142,
3810,
699,
645,
964,
1856,
77,
2007,
4090,
1289,
2937,
1419,
1058,
2445,
2184,
3189,
3619,
2777,
3523,
3377,
3542,
2897,
582,
2279,
3536,
1948,
956,
282,
2601,
2816,
1525,
2244,
1265,
1952,
2327,
2229,
3028,
2042,
4010,
329,
3744,
3517,
2087,
221,
2988,
2501,
1047,
3430,
40,
2735,
762,
945,
3424,
3119,
1922,
2775,
4059,
2451,
1817,
275,
2292,
2193,
3756,
3364,
1013,
3708,
2140,
1317,
971,
1908,
911,
4009,
1143,
160,
3934,
1985,
3537,
1287,
1065,
3220,
1122,
315,
946,
3219,
1155,
1921,
905,
1468,
3227,
2349,
3295,
1018,
2532,
2305,
1319,
1864,
1965,
3524,
1538,
2936,
2202,
1264,
844,
2888,
1990,
3039,
3408,
1411,
2236,
1545,
2435,
2697,
478,
2267,
4045,
1984,
412,
3436,
1739,
1455,
746,
1094,
2772,
2857,
116,
3965,
144,
2233,
3224,
1341,
3228,
3497,
3022,
3548,
193,
3102,
3472,
303,
1677,
2340,
1514,
2486,
2662,
1118,
465,
3916,
2259,
3027,
2577,
1957,
834,
2567,
1178,
225,
2211,
2432,
4048,
1406,
3103,
3254,
2849,
2722,
3385,
3495,
3949,
3937,
689,
511,
3700,
1978,
1136,
2308,
246,
2774,
2610,
445,
4076,
1142,
2830,
729,
3720,
716,
1746,
2728,
3261,
1377,
185,
419,
2460,
2924,
486,
901,
3247,
934,
829,
1346,
2753,
1681,
642,
3863,
3680,
3506,
1780,
1694,
87,
4066,
3494,
2705,
1266,
443,
2317,
3605,
2258,
3866,
1902,
3431,
1418,
293,
1786,
2539,
509,
1754,
2721,
1256,
658,
3738,
2039,
1075,
4067,
1515,
1883,
2273,
1068,
1239,
3706,
2390,
474,
434,
3107,
420,
2837,
883,
3485,
2643,
21,
2695,
3213,
1961,
3571,
2311,
4092,
2063,
2887,
2953,
3557,
1999,
2595,
2838,
1649,
3975,
1747,
2951,
3973,
352,
2036,
1375,
50,
2960,
602,
316,
1869,
2634,
3855,
649,
2661,
2069,
3498,
3765,
1129,
244,
907,
3739,
422,
373,
3398,
93,
3108,
1674,
2957,
3656,
617,
2032,
2512,
1828,
2531,
2484,
705,
265,
3386,
1535,
1275,
979,
1997,
3195,
789,
3491,
467,
2368,
690,
3843,
300,
2589,
2946,
3016,
2361,
2844,
2621,
1085,
2356,
473,
672,
1503,
2986,
1831,
3974,
2275,
3354,
1093,
3115,
3761,
3921,
180,
2812,
1258,
989,
3229,
1323,
3362,
2334,
3692,
1549,
2262,
1971,
94,
2515,
3878,
384,
211,
2312,
3400,
2339,
3412,
1103,
2538,
157,
1702,
4061,
1634,
603,
155,
1438,
461,
1236,
188,
1884,
3438,
2934,
1039,
1893,
820,
3324,
3681,
595,
2997,
61,
2566,
563,
527,
2520,
1941,
2464,
3125,
3707,
1069,
3787,
1198,
1713,
782,
2041,
924,
1245,
2608,
1431,
607,
1759,
718,
592,
3197,
639,
3470,
1950,
2153,
2393,
703,
1395,
3299,
2820,
3771,
1193,
618,
1467,
2537,
832,
3538,
2938,
3450,
2469,
181,
3985,
168,
2992,
260,
321,
335,
3090,
2781,
3098,
633,
3138,
3907,
1589,
1832,
2192,
2277,
3474,
609,
754,
1718,
1743,
1177,
161,
3762,
951,
2771,
1547,
2928,
3132,
549,
2405,
1469,
3216,
2293,
1757,
37,
3626,
2607,
2216,
2629,
1226,
45,
4089,
3952,
510,
3381,
3032,
3891,
3253,
353,
559,
3983,
2498,
60,
3370,
619,
3066,
2703,
2364,
3085,
2885,
3721,
105,
2741,
3017,
3088,
1105,
2370,
65,
1855,
1378,
1986,
715,
2400,
2895,
4042,
4004,
3278,
1281,
3457,
2336,
324,
404,
1090,
3175,
1125,
1885,
263,
1420,
141,
1291,
1920,
3265,
2906,
4001,
1101,
3001,
81,
7,
561,
4011,
79,
1898,
535,
2125,
323,
605,
3403,
41,
560,
768,
1027,
216,
477,
3113,
2628,
3512,
3876,
1358,
3465,
4019,
4074,
2625,
740,
2711,
1532,
1509,
636,
339,
1284,
1052,
3909,
3397,
2057,
2550,
2065,
2732,
579,
3676,
309,
376,
2842,
3100,
2438,
3137,
1244,
2182,
3373,
2875,
3860,
2472,
2303,
2176,
3723,
3893,
26,
1327,
2009,
140,
3285,
3901,
1368,
2067,
2209,
3611,
2708,
2548,
2575,
1919,
3830,
48,
3817,
597,
2596,
3500,
3532,
126,
3568,
1175,
3924,
1773,
2410,
1737,
631,
3172,
3064,
177,
253,
3582,
876,
870,
1477,
2663,
3643,
880,
3493,
3013,
3445,
3091,
1495,
1412,
1639,
1923,
2406,
790,
496,
3141,
853,
228,
3319,
1502,
1029,
1653,
3555,
3155,
3815,
566,
1106,
97,
4095,
4057,
3944,
918,
153,
1752,
3941,
3630,
428,
4036,
3283,
3055,
580,
3931,
130,
3243,
2448,
2187,
3025,
3632,
3811,
139,
1479,
781,
2295,
1753,
1209,
685,
288,
2194,
2819,
2640,
970,
2656,
2883,
3223,
2900,
18,
2299,
1463,
3071,
3196,
1213,
3390,
372,
2877,
377,
2083,
516,
742,
356,
3964,
3690,
47,
3631,
659,
2754,
2092,
3191,
283,
113,
3959,
3717,
237,
2115,
1110,
102,
4079,
2627,
3318,
2177,
3963,
551,
568,
2792,
2237,
3320,
3222,
2760,
346,
3242,
1295,
2117,
3394,
1668,
3443,
4003,
841,
3869,
1931,
2414,
3596,
2099,
3384,
2139,
2778,
1171,
679,
1894,
1835,
2674,
1180,
4040,
858,
2419,
763,
2458,
2840,
23,
2787,
1975,
154,
2788,
2572,
3029,
1972,
3005,
2497,
3157,
1005,
3841,
3314,
1154,
3838,
1270,
2899,
1331,
791,
2893,
247,
2383,
2782,
2553,
2749,
3653,
3859,
3511,
1665,
3015,
2447,
646,
2064,
663,
4044,
821,
1787,
1879,
3730,
2213,
1637,
2024,
2557,
1458,
159,
2966,
3546,
571,
3736,
3117,
652,
3776,
1150,
151,
3659,
512,
2998,
2326,
3991,
1116,
1887,
1494,
416,
203,
2948,
3161,
32,
1987,
1673,
3323,
822,
182,
1031,
3269,
2799,
1765,
1261,
123,
2012,
2920,
879,
3014,
3634,
2631,
501,
56,
2858,
343,
3663,
2510,
1300,
837,
1372,
1977,
76,
3581,
2612,
1188,
793,
2789,
1447,
1565,
3096,
846,
3060,
968,
2952,
1456,
3617,
3778,
3040,
3594,
1612,
737,
818,
1701,
1204,
1818,
1700,
3849,
2704,
3788,
459,
3043,
2038,
469,
743,
240,
3130,
1544,
3942,
697,
3886,
2931,
4039,
3187,
504,
916,
264,
439,
4016,
3260,
3121,
3683,
1207,
1227,
3829,
2316,
2994,
431,
2801,
1476,
3822,
1858,
4071,
1829,
1758,
2130,
1915,
3666,
546,
2288,
1191,
2944,
2076,
2835,
1070,
3309,
1219,
702,
1655,
210,
2105,
1486,
3158,
413,
1548,
3802,
399,
2123,
3871,
3008,
2283,
1152,
1149,
722,
3670,
1382,
2109,
1008,
1760,
483,
2941,
831,
222,
839,
1347,
923,
794,
1173,
1811,
3814,
3591,
3976,
3350,
2108,
943,
1731,
3735,
1393,
2175,
3286,
2611,
2679,
2025,
278,
3477,
1080,
3699,
3655,
2352,
3724,
1100,
2818,
49,
3972,
2702,
2863,
2251,
3069,
3522,
2678,
3747,
3968,
3034,
2784,
3999,
1231,
3401,
1520,
674,
3075,
3971,
3302,
1392,
3072,
1880,
2146,
1472,
3888,
4005,
2927,
1932,
2421,
2197,
2095,
1315,
1511,
734,
1388,
1373,
1909,
3359,
1539,
3880,
2455,
430,
2956,
2296,
28,
2622,
691,
3368,
1645,
2916,
479,
1485,
2031,
3002,
628,
2397,
555,
1964,
1230,
2814,
197,
3854,
1600,
756,
183,
2534,
2003,
1285,
2310,
1889,
518,
3287,
4062,
2644,
1195,
3380,
2301,
3808,
1937,
2439,
3570,
1968,
755,
3588,
402,
1044,
2089,
1782,
2759,
1274,
1009,
660,
2302,
368,
1240,
614,
3167,
565,
1836,
1141,
1174,
1613,
3870,
773,
1533,
80,
2111,
1053,
2223,
1748,
3365,
1400,
1278,
1537,
3629,
1596,
146,
985,
22,
935,
480,
3478,
1504,
38,
317,
3331,
3490,
2491,
1399,
3767,
2402,
2070,
349,
2614,
2724,
3298,
1316,
1590,
1917,
3030,
3348,
2554,
1184,
3170,
1211,
1798,
3330,
1540,
2790,
1726,
810,
3885,
187,
1364,
3052,
892,
2443,
2815,
3602,
3627,
2457,
1958,
2902,
2563,
991,
3550,
2898,
1017,
1658,
3710,
2585,
488,
1822,
2504,
809,
1792,
2690,
753,
398,
1998,
825,
1516,
3812,
1526,
2250,
2382,
3255,
514,
207,
2061,
1415,
3693,
3367,
1881,
3746,
2195,
2481,
1421,
3488,
3673,
63,
292,
1297,
1172,
498,
552,
3679,
3881,
2915,
3437,
2962,
3636,
3913,
2817,
2072,
3672,
2715,
1711,
143,
2864,
2450,
452,
3332,
3890,
257,
1181,
2929,
418,
417,
640,
728,
910,
1970,
2522,
948,
708,
3614,
382,
1794,
676,
3917,
2298,
1918,
2239,
3889,
3791,
2919,
2606,
3813,
2227,
1862,
2800,
2141,
2453,
4058,
2886,
3479,
2287,
3186,
871,
449,
3563,
1049,
1303,
1703,
855,
3126,
2362,
1878,
267,
2282,
2245,
2360,
1306,
2171,
2001,
3406,
2558,
977,
2922,
1430,
4030,
1471,
849,
1475,
648,
302,
941,
198,
3957,
2470,
730,
4082,
578,
3793,
2751,
843,
3635,
3837,
2855,
1744,
3574,
344,
3951,
508,
389,
3840,
3531,
3345,
2910,
165,
1478,
3662,
3827,
3379,
2280,
331,
1232,
3994,
3415,
2218,
133,
1667,
3404,
921,
3726,
1365,
2018,
1719,
770,
826,
145,
2166,
2412,
2604,
1097,
1846,
3114,
3544,
3426,
780,
135,
245,
179,
860,
3696,
3734,
3270,
1020,
3237,
604,
2540,
2999,
3794,
387,
2407,
2881,
891,
3982,
3832,
882,
4012,
3774,
64,
1139,
4052,
585,
3395,
3489,
243,
976,
2822,
2440,
3325,
4026,
2707,
355,
3459,
3701,
1200,
1385,
536,
1203,
1720,
3978,
360,
320,
3446,
3625,
2904,
2983,
3624,
2030,
1741,
3449,
3897,
6,
129,
2574,
1434,
1104,
1770,
2645,
3264,
621,
2403,
3249,
626,
1099,
1096,
3823,
2509,
1609,
3622,
3208,
3092,
1299,
395,
1601,
684,
803,
3908,
3867,
1206,
2873,
1801,
3458,
866,
1402,
2215,
1772,
2249,
492,
748,
3151,
3156,
3483,
627,
1086,
2747,
709,
3003,
3773,
2351,
251,
2243,
2669,
3748,
1481,
345,
1043,
644,
940,
1267,
3719,
4013,
3846,
167,
2122,
1723,
69,
3451,
2752,
974,
3471,
3660,
455,
969,
359,
1167,
3905,
1453,
3584,
1926,
3868,
2696,
3366,
2993,
3599,
3711,
2680,
3834,
3649,
1899,
3280,
4094,
1396,
3664,
2734,
3290,
3751,
3078,
14,
2172,
4014,
2321,
3317,
2605,
3444,
2654,
4085,
1993,
2040,
2597,
2913,
1708,
1866,
2964,
218,
90,
1710,
3729,
4083,
1355,
783,
2348,
3421,
3375,
3499,
2145,
1523,
1314,
1112,
3789,
1367,
3781,
2519,
1330,
795,
1813,
2082,
3504,
2224,
2755,
3526,
2201,
998,
1693,
66,
1698,
3865,
3038,
1228,
3798,
1841,
3267,
1088,
3938,
1162,
2181,
2533,
242,
1617,
3935,
3129,
1929,
1953,
3668,
2002,
2152,
1717,
1597,
2982,
1425,
3418,
2889,
2764,
164,
2284,
717,
2333,
2909,
1439,
2615,
885,
3200,
2714,
874,
3966,
2757,
2825,
1381,
43,
938,
437,
2359,
471,
2646,
3970,
896,
2921,
1387,
2150,
2562,
2437,
1583,
340,
2137,
2482,
27,
1490,
208,
2104,
330,
2027,
524,
3048,
223,
931,
3958,
2380,
2473,
1354,
3423,
3646,
390,
1871,
3561,
3639,
3587,
1492,
1183,
584,
3515,
3932,
678,
71,
1890,
171,
1218,
1350,
1632,
3165,
217,
4091,
664,
3502,
172,
3540,
2376,
890,
2584,
436,
1146,
2459,
2452,
2420,
2485,
1593,
3,
842,
1243,
3677,
3610,
1781,
2196,
1808,
1225,
2967,
3603,
3785,
1969,
3541,
3650,
3918,
3414,
2463,
1398,
1930,
2758,
272,
1333,
89,
720,
4047,
2265,
2848,
1738,
305,
1035,
2653,
1,
466,
1636,
1727,
3996,
385,
3026,
3560,
3777,
3146,
1580,
767,
2011,
2052,
900,
1585,
279,
1578,
1875,
622,
1914,
3256,
2641,
4065,
3904,
3947,
2959,
1318,
906,
3597,
3962,
2963,
3199,
2571,
3779,
196,
1697,
1220,
250,
2015,
1246,
698,
3393,
624,
2341,
3858,
2053,
3883,
1123,
1638,
1061,
1661,
2970,
3770,
3689,
2444,
1725,
3545,
36,
1891,
2667,
2477,
2143,
3615,
1250,
4050,
638,
3725,
332,
1521,
2148,
2073,
3981,
1724,
966,
1066,
4037,
2028,
4023,
35,
147,
1011,
1512,
2355,
1083,
3740,
3501,
2054,
122,
1745,
3440,
1067,
927,
3374,
2573,
1082,
1715,
2068,
361,
2517,
2020,
749,
2546,
2088,
909,
1706,
3792,
3782,
252,
1443,
3166,
3422,
1290,
3101,
2950,
1186,
2394,
3338,
3420,
2869,
3851,
460,
2387,
2939,
2930,
2479,
3809,
2306,
683,
1838,
3703,
2769,
463,
1955,
2162,
3955,
9,
2375,
2114,
3818,
1120,
2635,
1074,
239,
812,
1692,
232,
3120,
3507,
2456,
3409,
3819,
2023,
544,
1573,
1192,
1057,
574,
1804,
2219,
429,
3063,
764,
917,
1577,
3598,
1755,
72,
1942,
3077,
4093,
2252,
3456,
2272,
1505,
500,
2374,
1605,
1643,
2004,
54,
3407,
3250,
328,
1742,
3410,
3519,
2985,
3939,
3327,
2892,
3183,
3757,
148,
1026,
3238,
1966,
3453,
936,
630,
3874,
2797,
3821,
3608,
125,
1302,
1534,
1283,
2188,
1608,
1084,
3233,
667,
1349,
1500,
922,
3644,
865,
73,
3853,
1582,
4063,
2518,
520,
3049,
1241,
3239,
1777,
158,
270,
1588,
2884,
3144,
2969,
2475,
2810,
777,
3956,
2556,
1848,
3042,
1960,
3824,
3606,
608,
2487,
2655,
2692,
318,
362,
1163,
2033,
3212,
490,
2809,
2323,
2995,
2580,
2391,
3806,
1903,
1223,
693,
1680,
3399,
1405,
2471,
2347,
2225,
273,
1740,
2496,
1988,
2429,
3201,
112,
3585,
3989,
3521,
2870,
1507,
1353,
1313,
111,
1147,
3235,
1457,
201,
1221,
2378,
3353,
2205,
2978,
593,
1448,
24,
3613,
2947,
2852,
1863,
1424,
861,
2345,
3307,
625,
1145,
3035,
2626,
677,
2890,
2868,
3850,
1771,
1833,
3388,
2274,
1686,
1610,
2665,
2000,
2505,
665,
3831,
3933,
2409,
2411,
1571,
3136,
1716,
1023,
2847,
827,
2112,
1462,
1280,
1527,
3019,
2698,
255,
1981,
1326,
3920,
4056,
426,
1599,
3988,
814,
2129,
189,
3795,
813,
3245,
1611,
616,
3109,
2291,
2594,
3392,
3953,
3743,
1857,
2578,
2085,
2979,
375,
297,
29,
1410,
3682,
299,
1619,
2401,
2322,
1959,
1542,
3147,
1077,
3051,
2583,
1837,
856,
784,
2231,
950,
3193,
2395,
4068,
3095,
307,
2005,
4015,
507,
3529,
3697,
163,
2829,
2480,
3633,
1946,
2723,
797,
2805,
1422,
811,
2037,
1491,
3620,
741,
1288,
2186,
3050,
651,
2891,
3848,
3640,
169,
84,
765,
2238,
334,
1413,
310,
550,
4046,
594,
3094,
2185,
1190,
3527,
4087,
1208,
3984,
1089,
1859,
3179,
3413,
407,
2254,
1666,
1454,
898,
2744,
3922,
3642,
1566,
3316,
1687,
1071,
2971,
988,
1992,
1496,
1761,
2385,
2319,
365,
3463,
70,
1343,
1945,
103,
1322,
3845,
2021,
723,
2389,
3124,
3484,
1452,
3694,
};