B = {
5306,
1992,
3177,
4758,
851,
3656,
4716,
3024,
1117,
640,
7306,
2567,
3165,
2262,
118,
3157,
564,
7084,
1394,
781,
4661,
5442,
5859,
3670,
246,
3925,
4958,
1816,
6697,
1712,
1939,
4861,
1735,
7783,
3893,
854,
3134,
1383,
4621,
7915,
4086,
1054,
7512,
5765,
7716,
2946,
5756,
5548,
2756,
3876,
7666,
7238,
611,
1638,
4146,
3634,
4222,
6989,
1342,
4448,
6979,
1644,
3431,
592,
1187,
77,
2436,
8093,
5386,
4498,
439,
2607,
2241,
2414,
5332,
5808,
2706,
2897,
806,
4544,
5101,
6883,
1853,
6256,
5278,
7811,
3675,
1626,
1859,
1375,
6539,
2668,
4369,
1778,
4613,
2585,
3558,
4605,
1606,
2627,
911,
6559,
3811,
2761,
6319,
7213,
6645,
2023,
1931,
3529,
7540,
7172,
4037,
7345,
4250,
8,
2215,
3252,
905,
4075,
1751,
6044,
4651,
7410,
3095,
583,
1803,
5461,
7471,
7565,
2149,
190,
4103,
4640,
4740,
5241,
2818,
3361,
5251,
5050,
511,
2673,
945,
2778,
3924,
2213,
2375,
7006,
2601,
6333,
491,
3979,
2836,
5163,
825,
7394,
7299,
2015,
2446,
1339,
4733,
7344,
276,
2832,
2635,
6648,
3554,
3850,
4720,
4310,
5960,
5620,
2758,
741,
3661,
5402,
6353,
7343,
1133,
7300,
6154,
1334,
5980,
3267,
1582,
3648,
2469,
5588,
902,
333,
2474,
5005,
2367,
2750,
2545,
2120,
5391,
3963,
7573,
4839,
960,
1692,
4366,
4356,
4948,
1163,
4514,
2755,
1153,
6298,
1566,
1119,
2473,
2093,
6381,
3329,
5014,
6463,
537,
1575,
698,
6377,
2855,
4611,
4259,
5539,
5529,
6804,
2969,
1978,
7988,
1424,
7547,
1984,
7930,
5482,
3509,
667,
2373,
6690,
6121,
8192,
3385,
3501,
5242,
5230,
6153,
7670,
5889,
3679,
5179,
1745,
6370,
6522,
6782,
1769,
6025,
1763,
8154,
6349,
304,
2143,
7417,
7411,
2809,
8040,
7837,
6222,
2133,
3182,
6211,
3894,
2802,
804,
4317,
3036,
6034,
1059,
3740,
3731,
1304,
4071,
5752,
6038,
5764,
1586,
2081,
3598,
3349,
5293,
3159,
7090,
7423,
2258,
6309,
6755,
2773,
3492,
5956,
2377,
4963,
881,
1995,
4615,
1352,
467,
274,
8022,
5199,
6877,
1521,
1158,
2059,
4033,
2489,
3466,
60,
7697,
3229,
2317,
6430,
3788,
7776,
1260,
6754,
4200,
417,
6540,
3657,
5796,
2574,
771,
620,
3270,
8114,
3712,
1585,
1891,
1530,
3929,
5318,
4198,
3028,
7377,
8140,
4083,
2740,
2641,
5451,
3507,
6162,
5203,
1485,
5747,
6796,
4550,
5788,
6629,
2728,
3414,
6761,
7539,
1251,
2677,
5983,
5992,
2200,
4947,
3969,
2128,
1224,
3746,
829,
2255,
2686,
7025,
4608,
3573,
169,
1867,
1006,
3207,
1825,
4717,
1544,
2086,
6281,
2138,
2670,
414,
209,
3069,
3320,
5714,
1011,
2110,
1079,
4951,
1112,
3003,
7830,
6978,
6186,
6716,
1041,
3508,
2759,
5649,
1549,
4669,
2034,
608,
5898,
2497,
6660,
677,
92,
2383,
4104,
1631,
5851,
3144,
7764,
352,
243,
2650,
100,
3735,
2653,
5976,
1324,
4097,
7441,
3201,
174,
7292,
39,
3121,
35,
106,
2590,
5264,
3235,
1749,
6303,
4543,
4328,
6551,
5149,
3204,
6187,
7816,
3427,
6961,
1871,
5568,
7957,
546,
6611,
4555,
5229,
3253,
3603,
5545,
220,
7363,
4677,
2557,
26,
6923,
3981,
893,
2204,
435,
1652,
3447,
1646,
1164,
1285,
2775,
6380,
5877,
5782,
5058,
5484,
7041,
849,
516,
6109,
5202,
2175,
4739,
3318,
5292,
6192,
5016,
444,
4920,
3617,
3518,
6790,
5054,
3465,
5675,
3477,
4903,
2067,
7062,
4022,
5081,
1172,
3258,
8081,
7807,
1386,
1802,
7597,
8059,
363,
3098,
6220,
1600,
1115,
1347,
1690,
3556,
6363,
4805,
6248,
2263,
3143,
8186,
4382,
6608,
5669,
3424,
2541,
6671,
6232,
789,
495,
203,
864,
6411,
3838,
1414,
6587,
1248,
2866,
4708,
4643,
7076,
6726,
6175,
4177,
566,
3758,
4508,
1271,
6732,
5635,
2418,
3498,
7963,
3584,
4208,
6076,
5743,
3467,
2347,
418,
7099,
1950,
4008,
3014,
3826,
2498,
3125,
1286,
285,
3298,
3872,
5247,
1354,
3769,
1035,
2624,
5366,
4258,
1754,
324,
7487,
752,
4910,
1947,
1882,
5970,
1613,
7876,
4646,
6936,
729,
3553,
8049,
1742,
5478,
3233,
8047,
3051,
325,
1441,
3481,
2698,
1598,
1406,
5524,
2613,
2899,
4374,
1718,
4939,
1459,
6350,
371,
1405,
1449,
5317,
1012,
5301,
3895,
5658,
4796,
952,
4726,
5536,
8065,
6497,
3485,
750,
6908,
3904,
8182,
3239,
7334,
3319,
1750,
6342,
1927,
391,
3938,
7412,
4455,
5766,
623,
704,
2433,
3073,
2160,
2338,
5987,
2555,
4073,
3504,
2211,
7130,
725,
3547,
1576,
6927,
3276,
7562,
2639,
4523,
2089,
7103,
1106,
6089,
8124,
5029,
4841,
3096,
2713,
239,
319,
6290,
4630,
2575,
7678,
6191,
4129,
5474,
4386,
5565,
4806,
8029,
6974,
5531,
8146,
7211,
2849,
3230,
6165,
3548,
999,
3888,
4424,
5608,
1785,
463,
7731,
6626,
799,
3726,
1726,
2871,
6792,
6548,
891,
4577,
4989,
6275,
1900,
1279,
2916,
1963,
2320,
1581,
3302,
5122,
2583,
2751,
5504,
6766,
6714,
4988,
1473,
6780,
2467,
2669,
1317,
4430,
2162,
2568,
2630,
692,
3040,
6228,
1997,
4860,
7097,
991,
2617,
7116,
1773,
1327,
6555,
4249,
6998,
1665,
4907,
4837,
7123,
136,
6174,
1741,
2459,
5215,
5486,
870,
867,
2343,
4602,
7374,
398,
7888,
5584,
3795,
4827,
1181,
6542,
711,
5410,
5526,
2701,
3564,
464,
1841,
1416,
5191,
2445,
2509,
2130,
1525,
2166,
1388,
2359,
8033,
3025,
996,
777,
7717,
5577,
761,
4398,
4976,
4247,
7442,
3137,
1542,
2805,
5008,
5259,
3317,
2950,
2361,
2189,
4168,
4202,
1743,
791,
879,
2348,
43,
4065,
7029,
5754,
7234,
5066,
2314,
2354,
7581,
2704,
735,
7240,
1411,
4306,
641,
4342,
6828,
5358,
7147,
7551,
4240,
2272,
7065,
1716,
4462,
1310,
5088,
5543,
751,
2129,
1022,
2179,
6550,
1102,
7572,
1272,
2144,
6405,
404,
5920,
6088,
5254,
7792,
8076,
1695,
4692,
3689,
4238,
2803,
6743,
3597,
7631,
1970,
4747,
5672,
1943,
3630,
5411,
283,
3391,
3002,
119,
4578,
7108,
2527,
388,
4783,
1516,
8167,
7596,
1476,
7060,
5214,
240,
981,
6909,
1846,
8185,
3484,
3289,
1323,
2169,
1957,
1294,
7291,
406,
5523,
2952,
5740,
2596,
5677,
3301,
2833,
3372,
3502,
3583,
5610,
1039,
6687,
3486,
6495,
8163,
4694,
3517,
376,
1872,
1228,
2894,
2700,
5189,
2675,
153,
3549,
396,
6252,
2229,
4098,
3599,
3798,
4569,
7944,
3856,
760,
5491,
1596,
3839,
1417,
7967,
4225,
4479,
748,
2813,
67,
882,
6330,
5498,
7019,
7077,
4687,
1707,
3824,
1708,
7840,
6199,
6563,
7918,
1206,
6677,
1593,
7589,
797,
4015,
32,
7727,
3555,
3802,
5307,
2465,
149,
4363,
661,
6436,
938,
5113,
3570,
5315,
2419,
2576,
1757,
2620,
4283,
3057,
5296,
2070,
1056,
4813,
910,
7100,
3900,
4079,
6715,
1333,
2325,
7171,
3232,
7002,
2782,
4815,
7231,
3652,
4596,
2331,
4435,
1050,
4004,
2208,
7675,
6424,
4784,
2640,
5294,
3444,
7515,
1591,
606,
1929,
237,
6448,
3720,
7224,
5123,
3105,
4030,
876,
2085,
4411,
2631,
5946,
2276,
2821,
649,
5553,
2789,
3899,
4628,
3756,
6107,
4588,
3163,
2699,
207,
2415,
3575,
6375,
3975,
8061,
5182,
3038,
6640,
6408,
1856,
1197,
1322,
746,
4157,
4924,
47,
6788,
1451,
1719,
790,
5343,
7797,
792,
1988,
4234,
2963,
7157,
1374,
4467,
3790,
3307,
7791,
1282,
314,
7429,
5431,
3085,
780,
4616,
1543,
84,
557,
125,
2413,
3416,
6272,
6216,
2999,
5038,
4774,
1945,
440,
917,
197,
5844,
1074,
3873,
948,
2293,
3246,
5184,
6700,
8190,
7798,
1961,
3628,
7664,
4957,
5154,
3351,
4878,
634,
2610,
7743,
2664,
6026,
1946,
6042,
2800,
1499,
2096,
1314,
3563,
6475,
909,
4493,
6897,
5245,
3362,
5654,
1840,
5221,
2502,
256,
6598,
739,
5958,
6070,
2352,
1775,
1229,
5234,
5614,
3840,
5160,
5978,
6316,
4412,
1399,
3716,
354,
4141,
2904,
3019,
3958,
4825,
2731,
2131,
1188,
2537,
4051,
2277,
1226,
6646,
5516,
1875,
1434,
1489,
3187,
5,
1308,
3821,
2581,
259,
5449,
529,
5025,
1739,
5420,
7480,
3260,
995,
5045,
1381,
493,
2296,
4593,
1130,
1227,
3602,
2994,
7620,
99,
1705,
7020,
3021,
7014,
2791,
7571,
2009,
801,
4676,
6426,
1767,
3823,
6490,
1895,
5155,
1732,
2158,
2921,
3297,
5075,
6903,
1301,
4530,
7904,
3930,
2633,
292,
7576,
4302,
7252,
5819,
7333,
8191,
2589,
6155,
7368,
1452,
7119,
1249,
6600,
6399,
3071,
544,
4697,
3813,
3516,
4735,
222,
6543,
8032,
2945,
1123,
6709,
2159,
7846,
4971,
24,
4802,
3660,
2228,
5781,
3328,
3514,
497,
1236,
662,
4780,
2767,
7497,
2052,
7954,
4014,
6996,
673,
5335,
7784,
1633,
266,
2470,
4788,
6785,
3594,
1886,
4490,
5110,
6734,
5188,
3742,
3626,
4656,
3663,
2026,
4121,
1160,
3557,
3524,
4845,
2203,
1579,
2970,
6466,
3973,
5062,
648,
5893,
1571,
4896,
5319,
4070,
4529,
5933,
875,
2717,
5872,
1933,
6893,
1397,
4981,
6447,
2511,
7096,
1656,
148,
4348,
3322,
3761,
1860,
1960,
6942,
4488,
1898,
6246,
1460,
5538,
7462,
4115,
2014,
2932,
6311,
4160,
5636,
5143,
3513,
4648,
5372,
1949,
8139,
6769,
6720,
5587,
8181,
479,
1594,
7152,
5316,
1890,
1488,
4604,
7875,
3536,
6440,
1120,
3094,
2865,
270,
2531,
6305,
50,
5832,
713,
581,
4210,
7464,
1495,
7925,
4645,
3655,
1221,
370,
2237,
4990,
3211,
4953,
3773,
2171,
2077,
286,
1088,
81,
5414,
2923,
1899,
6594,
5374,
2024,
1904,
5375,
3380,
5996,
179,
195,
445,
4632,
217,
4561,
5550,
4350,
7142,
6574,
4421,
4110,
4006,
2592,
3809,
1552,
4764,
5147,
3103,
554,
4403,
6320,
7383,
6362,
7244,
951,
279,
6578,
2986,
3609,
381,
3206,
302,
6077,
5125,
3178,
7189,
1610,
5790,
347,
914,
2078,
4193,
1580,
4670,
2327,
3154,
1103,
1954,
1069,
1331,
6357,
154,
5603,
639,
5957,
5159,
1201,
5356,
2481,
8150,
1030,
555,
4235,
2753,
1283,
3101,
345,
1303,
4305,
1730,
6266,
4573,
6740,
2824,
2739,
1023,
400,
3812,
1208,
6947,
2665,
3932,
6087,
355,
5463,
4383,
4062,
1874,
5454,
199,
6832,
627,
3542,
6501,
986,
6332,
5423,
1944,
2554,
3303,
6080,
763,
6607,
2019,
4562,
5865,
2928,
6858,
8159,
5059,
6245,
3736,
2943,
1721,
3730,
5310,
5947,
4808,
2815,
385,
1985,
2393,
2906,
666,
5063,
1498,
2251,
4336,
2246,
4314,
2452,
4437,
250,
4127,
4155,
5068,
4188,
1369,
1981,
4224,
1121,
5921,
4511,
1000,
7696,
6851,
7779,
7408,
4935,
7320,
5015,
4591,
4025,
1457,
901,
88,
1017,
6636,
8134,
1154,
4917,
5821,
5209,
1820,
3255,
2657,
5717,
1833,
298,
4338,
2762,
5674,
6140,
7494,
5830,
377,
4090,
3029,
2167,
2968,
2157,
1298,
267,
3678,
101,
3913,
6875,
7027,
6341,
2118,
3737,
3910,
3743,
3254,
3323,
2857,
2319,
906,
295,
3853,
3686,
2140,
3727,
2031,
3470,
642,
3636,
1146,
968,
868,
7465,
3954,
2471,
4320,
7632,
3616,
3399,
978,
3906,
4757,
852,
3540,
3767,
5720,
7242,
1827,
2959,
743,
6401,
2116,
6993,
5138,
4136,
4152,
6634,
2066,
2190,
6067,
1715,
1332,
4833,
2980,
5522,
5336,
6219,
8111,
6812,
235,
6181,
690,
1281,
7162,
5871,
4316,
3989,
5564,
1252,
7937,
3489,
5033,
1862,
5903,
5429,
150,
541,
3871,
2137,
1020,
3064,
2873,
4263,
3409,
6184,
2912,
1429,
4983,
1709,
1550,
6409,
204,
1141,
52,
1444,
7378,
5817,
2362,
284,
5260,
2108,
1658,
4984,
1278,
5248,
5722,
1896,
7112,
3210,
3044,
3705,
165,
4518,
3460,
4169,
7396,
1408,
4280,
2036,
3884,
5863,
2404,
4307,
6681,
1710,
6396,
5867,
7329,
9,
6105,
408,
4220,
5647,
6498,
6524,
3314,
5837,
4023,
7993,
6670,
2183,
1889,
7752,
4226,
2152,
505,
2852,
7325,
1461,
7618,
6360,
3955,
1509,
1851,
2444,
604,
4133,
4182,
6438,
6570,
6422,
3977,
135,
3412,
2284,
7765,
253,
8121,
3864,
1486,
5703,
4977,
5341,
1125,
1796,
1145,
3637,
2441,
941,
2472,
6374,
3868,
4709,
7658,
4979,
4257,
1694,
5106,
7273,
6335,
5852,
1231,
1025,
2734,
13,
1706,
1032,
7769,
1038,
2206,
8130,
6959,
8103,
4931,
3993,
1422,
430,
7402,
3080,
2109,
8156,
6242,
5450,
4673,
3377,
2106,
55,
6167,
31,
2716,
1462,
2868,
1518,
4967,
5602,
5962,
2885,
6209,
2777,
3803,
8055,
1539,
482,
3238,
2649,
4231,
4828,
915,
3442,
3472,
3479,
3406,
3471,
4043,
8079,
307,
3013,
4698,
3500,
5265,
6237,
6345,
261,
798,
61,
4760,
7278,
6891,
3042,
1070,
4446,
7376,
4688,
7652,
5972,
5778,
5757,
133,
3236,
2045,
3948,
2371,
4413,
5222,
1823,
4300,
2931,
7496,
7821,
1421,
7486,
1720,
7209,
185,
1202,
316,
1404,
318,
5428,
1296,
3170,
2786,
2239,
1311,
212,
7261,
8003,
6724,
6099,
7335,
2870,
3050,
5349,
2806,
5630,
7449,
359,
2915,
4660,
660,
585,
6485,
6639,
2694,
5497,
2793,
3271,
6159,
3387,
598,
3106,
1210,
6995,
4107,
2282,
6816,
1436,
4094,
817,
4089,
1806,
6173,
3781,
6251,
5069,
1179,
6301,
137,
5176,
91,
4201,
3108,
5439,
2586,
453,
1132,
7427,
4745,
638,
2227,
3075,
651,
1291,
186,
957,
3411,
2679,
2788,
7055,
251,
1901,
4995,
2692,
58,
3455,
481,
7034,
7975,
665,
1762,
3296,
4880,
3551,
1345,
7257,
5327,
4190,
151,
2602,
2187,
6602,
3001,
3291,
7732,
7056,
8023,
2951,
644,
5455,
7009,
2335,
3510,
4742,
6753,
1073,
3076,
2416,
1137,
23,
2820,
6040,
937,
7349,
580,
5597,
146,
6957,
4626,
5569,
3748,
5812,
595,
6452,
811,
6969,
6571,
7672,
1090,
8115,
2161,
5164,
3959,
3413,
4454,
3111,
823,
3420,
5305,
4916,
8052,
38,
2520,
4728,
7712,
4504,
507,
3567,
3896,
4287,
2475,
1305,
4082,
6221,
8117,
2964,
1325,
6224,
3771,
416,
2220,
2691,
466,
6620,
7638,
5734,
509,
5900,
2683,
1888,
7313,
167,
8019,
4063,
3867,
2862,
6986,
5452,
2084,
5400,
2339,
312,
8142,
5698,
1135,
2124,
97,
1973,
5787,
5567,
2591,
1390,
3996,
2889,
6135,
6238,
4671,
5881,
3633,
8090,
3889,
6919,
6123,
7766,
6920,
7927,
5914,
7740,
7996,
527,
921,
248,
3978,
3313,
4387,
1134,
1379,
6334,
1595,
5689,
7851,
4795,
7227,
7371,
7271,
3334,
3418,
7795,
3173,
5995,
4944,
5868,
2867,
4696,
4486,
5479,
4431,
2672,
6918,
689,
3642,
7522,
2499,
2376,
3939,
1198,
630,
7107,
2663,
4147,
2781,
959,
4683,
1293,
2638,
3744,
4864,
4429,
5530,
3912,
6913,
7972,
6414,
6727,
3448,
3109,
1686,
5384,
4649,
5117,
3221,
7208,
3331,
155,
3336,
3330,
7357,
1554,
116,
2903,
4737,
7964,
3579,
4525,
2953,
4092,
7663,
1607,
7750,
7498,
5511,
2035,
1689,
7887,
4469,
6285,
1848,
3043,
7839,
2842,
1081,
5156,
2217,
2424,
1487,
3396,
724,
5793,
6819,
5659,
3180,
3009,
6338,
260,
2364,
1097,
923,
3382,
5053,
6300,
3621,
7902,
7979,
3097,
5424,
513,
7838,
6030,
4009,
4570,
6337,
4509,
2612,
2772,
6934,
4771,
7832,
187,
625,
2186,
8048,
6177,
96,
7796,
4019,
4810,
2648,
3990,
6480,
2660,
4142,
33,
5348,
4667,
2599,
4787,
4354,
1805,
674,
2549,
5894,
1684,
4767,
2486,
5631,
7552,
6718,
5924,
681,
1687,
5339,
3365,
5723,
4290,
5710,
14,
4404,
1111,
6117,
2230,
1155,
7302,
7225,
394,
7950,
6163,
6427,
3146,
2504,
2752,
6910,
8011,
3265,
6890,
6287,
3122,
7146,
428,
5502,
4442,
6689,
7606,
5197,
4516,
6581,
8171,
5270,
874,
1320,
5021,
847,
1129,
1836,
1792,
6276,
2787,
8166,
4323,
4432,
871,
2819,
7922,
8004,
7536,
3495,
245,
2466,
1885,
6907,
536,
3004,
5369,
3011,
6701,
2760,
2737,
4329,
1955,
3352,
5706,
2864,
2854,
7092,
609,
5662,
3269,
2039,
769,
7083,
4921,
7874,
3832,
3041,
5128,
2438,
2748,
1297,
5642,
5534,
4195,
1951,
7633,
2493,
4007,
6817,
4252,
2209,
819,
2784,
3160,
2268,
7836,
1340,
3618,
1276,
4932,
4584,
5103,
3357,
5598,
7104,
7568,
3741,
898,
764,
4415,
976,
103,
4470,
3215,
112,
2636,
4679,
7706,
7736,
3304,
6691,
2538,
7262,
3120,
3646,
6116,
730,
5267,
614,
3927,
1064,
5018,
731,
3272,
1162,
1590,
814,
1756,
6069,
331,
8145,
4461,
539,
3760,
7676,
2270,
4850,
5298,
6257,
2785,
7467,
475,
2278,
1440,
6612,
947,
7081,
788,
6279,
7514,
2850,
4969,
4340,
672,
7150,
6764,
2304,
4151,
4618,
7989,
5401,
105,
2984,
3764,
1671,
2468,
7686,
1772,
6631,
4571,
7098,
5906,
1427,
2088,
821,
6529,
4239,
3141,
1693,
2588,
2464,
6371,
7786,
619,
6872,
2513,
110,
4534,
412,
7612,
1994,
7089,
664,
2863,
6623,
5412,
3300,
4701,
1161,
5231,
8101,
1370,
1453,
5604,
1747,
3706,
6032,
4451,
6226,
824,
6638,
3335,
6472,
2315,
6962,
2394,
935,
5109,
7662,
3474,
1089,
6288,
450,
2040,
6343,
6899,
3290,
5446,
480,
4556,
3191,
3248,
6628,
5144,
6146,
3212,
241,
3569,
7114,
5350,
7170,
1993,
2987,
510,
4272,
5860,
2681,
574,
793,
4515,
6060,
7307,
4217,
1505,
5079,
5813,
5261,
5152,
7264,
1474,
3384,
1788,
5594,
3415,
4908,
3762,
969,
3068,
5826,
3127,
4460,
2621,
7932,
6011,
5158,
1026,
1439,
964,
2156,
288,
818,
5919,
2997,
2266,
5037,
2564,
1759,
5390,
3261,
1240,
7999,
3707,
6182,
3623,
2269,
3848,
2411,
2295,
4772,
1903,
6156,
2043,
3363,
3306,
42,
4266,
5968,
7778,
10,
1180,
2448,
206,
7773,
3113,
3047,
5083,
2458,
5691,
6807,
2817,
8092,
3383,
3123,
6853,
200,
3007,
6686,
5378,
7420,
5273,
6800,
4899,
5167,
5940,
1572,
5666,
5954,
7195,
4026,
2678,
5758,
1230,
4057,
5406,
5382,
6531,
6179,
1883,
1843,
7818,
3172,
7920,
6234,
5804,
1147,
1812,
5371,
4996,
5089,
289,
3220,
4085,
2879,
4054,
5503,
5730,
5467,
7336,
5862,
7350,
6367,
6197,
3089,
6250,
832,
1528,
7201,
6841,
4624,
5284,
6053,
7640,
2094,
3453,
7601,
3774,
2079,
3887,
1096,
7720,
409,
4791,
7533,
3999,
4987,
5194,
4420,
8064,
894,
6168,
506,
4973,
2125,
2430,
5421,
3274,
6176,
6768,
1953,
3842,
1113,
586,
4715,
492,
5593,
7543,
3493,
2763,
2185,
5368,
2479,
2671,
5112,
5023,
4636,
7782,
3183,
7785,
2790,
5585,
2993,
7074,
1632,
1313,
156,
5238,
6474,
2063,
4746,
1818,
7563,
3175,
5084,
7075,
7366,
6306,
2666,
4881,
1717,
734,
6579,
571,
2644,
4863,
3791,
3632,
2975,
6198,
1804,
6604,
4144,
5725,
8128,
979,
2409,
2801,
3242,
710,
4517,
1415,
3531,
1367,
3754,
5735,
5111,
5617,
117,
2401,
5047,
3446,
25,
4798,
7569,
8028,
6624,
1532,
3110,
6410,
4564,
6747,
5549,
2727,
5897,
2982,
7719,
845,
5676,
7755,
4003,
4848,
2754,
3403,
4635,
3030,
3475,
6935,
7584,
4145,
6379,
5057,
6484,
3950,
1319,
7660,
1734,
462,
2712,
3994,
3651,
4930,
4130,
2611,
6014,
7708,
7021,
6,
7044,
1110,
4992,
1268,
5618,
1675,
2878,
7850,
701,
5915,
6844,
1577,
4980,
7232,
696,
4046,
1220,
6113,
4634,
6777,
5899,
8151,
5967,
2302,
6417,
4662,
1258,
5888,
6789,
5208,
2794,
5628,
3454,
1287,
2769,
5074,
775,
7737,
4928,
2604,
6049,
4335,
7122,
4583,
5665,
4934,
4706,
2895,
2582,
6637,
5913,
2310,
6793,
4576,
4267,
4440,
4205,
62,
6386,
4463,
4814,
296,
3142,
7503,
6840,
6139,
6205,
2578,
387,
3622,
4347,
4653,
142,
4637,
5131,
4943,
890,
7135,
6545,
2905,
2016,
7120,
3340,
6047,
1194,
2807,
4502,
7688,
3649,
2301,
7134,
4560,
7813,
3568,
2154,
1534,
5599,
8036,
2235,
7806,
7188,
7834,
2224,
4212,
4873,
521,
4699,
1413,
4140,
7151,
1245,
4941,
7822,
5880,
3158,
1302,
5456,
1789,
4915,
6227,
2288,
6736,
7415,
3401,
5667,
2853,
3341,
6390,
1524,
4710,
3343,
2374,
4353,
5973,
5831,
1679,
2978,
7952,
5137,
7118,
3676,
1207,
7986,
7440,
1151,
8031,
1015,
2384,
1987,
7689,
7962,
321,
7039,
6090,
8009,
3604,
5939,
570,
7203,
3074,
1055,
2812,
2252,
460,
3478,
5192,
3792,
5679,
5204,
7655,
3949,
680,
2069,
4970,
3228,
7884,
1348,
6808,
426,
6827,
993,
1082,
5856,
5959,
4039,
5542,
6772,
5036,
6451,
5547,
456,
3878,
2058,
3699,
2192,
5212,
3440,
6999,
5761,
2765,
7435,
4181,
807,
6733,
1685,
7713,
2312,
4265,
3405,
3684,
7301,
4154,
4391,
4965,
6267,
7595,
3499,
7854,
4439,
3666,
2447,
6825,
4402,
5330,
4370,
4768,
3852,
663,
5351,
1603,
1284,
2955,
424,
1336,
2286,
3054,
4601,
7965,
1004,
6610,
3457,
4339,
5232,
6052,
5650,
6722,
1165,
3960,
168,
5521,
1779,
3574,
5696,
6880,
3402,
6511,
4782,
2216,
6082,
7804,
7863,
66,
7111,
6470,
4886,
4179,
4644,
6457,
4135,
4695,
89,
3815,
8087,
6231,
5263,
7760,
4761,
5195,
522,
4933,
6831,
3083,
6592,
2091,
3200,
1774,
2625,
7156,
8077,
6836,
3801,
4978,
4175,
7570,
5269,
950,
3526,
6493,
4327,
5944,
5664,
22,
3650,
1614,
4942,
1782,
4309,
6166,
6520,
1321,
2234,
5878,
7473,
4245,
5964,
1480,
8038,
181,
1740,
2382,
3937,
2225,
4781,
8112,
4045,
1647,
36,
1031,
2962,
1494,
3835,
3152,
7382,
4690,
8083,
3785,
2634,
1672,
6580,
2119,
1700,
543,
6658,
3658,
1243,
6771,
1909,
3148,
3576,
3589,
6268,
6795,
535,
5142,
7997,
4682,
5044,
6622,
2736,
5055,
3909,
6036,
629,
3750,
473,
887,
3610,
2584,
6695,
896,
6892,
4972,
517,
4713,
7109,
770,
57,
379,
1299,
2250,
6208,
4285,
6651,
6538,
4276,
326,
1517,
1766,
1619,
3425,
3807,
123,
2730,
7519,
7281,
2105,
4373,
1541,
6151,
5657,
4821,
7472,
7709,
6811,
8078,
3281,
2387,
214,
1471,
5465,
1832,
2715,
2280,
6673,
2453,
576,
294,
8165,
3497,
6932,
1391,
1264,
6005,
6627,
4954,
7314,
4465,
3965,
1724,
5655,
1214,
3326,
293,
6933,
6325,
2155,
3461,
4769,
2723,
5514,
8060,
4719,
5085,
7907,
6960,
5436,
7528,
6951,
1958,
5464,
1401,
5331,
7069,
336,
4312,
7777,
5394,
5048,
5157,
1255,
2003,
5592,
277,
538,
2796,
578,
5646,
3342,
5039,
1052,
4472,
5323,
7882,
5417,
7416,
6483,
6534,
5287,
7284,
3070,
6655,
4122,
2795,
5533,
7285,
4334,
3394,
4361,
6706,
5645,
6086,
6512,
4381,
6693,
4346,
320,
6442,
6504,
7254,
7361,
2307,
3923,
4672,
2774,
5250,
3747,
2875,
1225,
4161,
3543,
7593,
3345,
6711,
7508,
1976,
3883,
1599,
5942,
1300,
5485,
1077,
6737,
53,
6896,
5312,
718,
7705,
2071,
6856,
472,
1912,
3667,
4985,
2597,
1239,
7478,
617,
4505,
3766,
7037,
3988,
5289,
3325,
311,
5275,
6621,
7049,
2390,
4438,
4647,
5739,
3753,
5180,
936,
6361,
622,
2858,
2570,
4693,
4028,
7388,
346,
6024,
6171,
3100,
6948,
7673,
8143,
5825,
820,
8045,
2457,
5051,
501,
602,
530,
7322,
2742,
7525,
773,
4237,
547,
7194,
4909,
4218,
1513,
4060,
4376,
5644,
8108,
3934,
6188,
1834,
1967,
2328,
4049,
6589,
4831,
8126,
6584,
2247,
4254,
610,
5121,
6158,
402,
5699,
3012,
7774,
3926,
4406,
4960,
2929,
3794,
1215,
210,
5274,
2553,
1095,
7169,
6530,
3112,
2426,
4298,
6021,
158,
7256,
3560,
6852,
1259,
2965,
6385,
4024,
7434,
2985,
7085,
6355,
4834,
4657,
3673,
4775,
2605,
3718,
4842,
5328,
5395,
4868,
4162,
1359,
7761,
4820,
6066,
3987,
1865,
607,
90,
4167,
5622,
2083,
4889,
2318,
6400,
6391,
4337,
4021,
3799,
2888,
4567,
4684,
2044,
7611,
7823,
2616,
6453,
461,
5233,
4246,
904,
6460,
3917,
6212,
2658,
2405,
7889,
5652,
5948,
5711,
5885,
624,
3282,
6202,
4892,
5922,
5093,
5258,
1387,
5457,
3124,
5295,
5621,
4109,
6010,
1263,
7891,
7532,
4042,
4295,
6204,
5875,
4185,
3974,
5798,
2046,
4627,
5494,
3846,
4233,
6473,
6665,
2092,
6310,
1507,
2193,
2104,
6599,
3920,
1587,
1723,
3522,
2839,
6315,
7193,
6149,
695,
6092,
2938,
5952,
2573,
4898,
1926,
1612,
2134,
7031,
900,
1309,
7700,
4244,
5389,
6169,
3179,
6929,
8102,
772,
4956,
1830,
3816,
6213,
1458,
5737,
1798,
8068,
4458,
3952,
5433,
5141,
8095,
4078,
7742,
7490,
7144,
5792,
7702,
1797,
353,
7381,
7071,
5582,
350,
1186,
3638,
3620,
2507,
3605,
2165,
8099,
4663,
68,
4119,
3458,
6142,
5729,
1828,
2515,
3315,
2455,
5076,
6428,
5682,
833,
4816,
442,
2532,
587,
3694,
6688,
1178,
4844,
4991,
5546,
5975,
305,
4491,
5407,
7853,
6352,
3482,
4324,
858,
2429,
582,
3820,
7022,
2431,
6003,
4639,
356,
3834,
6946,
2432,
6541,
7400,
6376,
1046,
5181,
5626,
2050,
2606,
2476,
443,
2291,
7734,
6329,
7177,
5303,
5991,
3237,
7946,
7621,
3962,
7928,
6865,
2408,
6662,
4093,
104,
2526,
183,
437,
2357,
7482,
6398,
2378,
1965,
2139,
1887,
6098,
4937,
841,
3805,
6446,
2202,
8187,
27,
2240,
1235,
7516,
6078,
7387,
1066,
1942,
6546,
4940,
3613,
6748,
600,
1839,
4765,
4852,
6988,
3966,
2990,
4871,
6502,
6887,
82,
1713,
863,
2363,
2163,
1384,
1442,
2207,
3441,
3523,
7548,
5938,
2598,
191,
5096,
3088,
7063,
2345,
343,
7546,
6873,
916,
278,
3059,
2068,
1126,
2267,
310,
2407,
490,
4407,
308,
7931,
1892,
1080,
3216,
7953,
3770,
7600,
4629,
446,
5190,
4418,
202,
5285,
685,
1520,
2510,
949,
7308,
2936,
4343,
7758,
1435,
6004,
5927,
6601,
859,
2451,
977,
7749,
8017,
4242,
7488,
5886,
6185,
7139,
5890,
2533,
5824,
7893,
5225,
5153,
3688,
6609,
7726,
7251,
6491,
6152,
3393,
2456,
7935,
1748,
7379,
5019,
5028,
3378,
2028,
7886,
1611,
7867,
5228,
4076,
189,
3681,
7880,
5383,
4032,
3818,
552,
1922,
7647,
5827,
6535,
7970,
1811,
1682,
8136,
682,
5224,
1556,
4068,
4595,
2342,
5321,
8105,
6402,
3506,
5777,
1551,
3749,
2395,
3787,
7770,
3438,
3432,
334,
3654,
6523,
4126,
252,
5012,
7167,
5268,
6249,
5561,
63,
375,
4368,
7436,
3426,
4214,
6492,
5437,
526,
6433,
5583,
2027,
1906,
2008,
4512,
3967,
4230,
4642,
348,
5396,
4574,
3786,
4390,
4036,
2834,
892,
8006,
2667,
2417,
675,
3915,
1470,
972,
4890,
7401,
300,
2060,
3311,
532,
1203,
5556,
3356,
6750,
3581,
997,
6043,
6846,
423,
3639,
41,
593,
6857,
4553,
5700,
2321,
6572,
7179,
2385,
2514,
7630,
5733,
2600,
5799,
255,
7941,
132,
8063,
1515,
684,
86,
7072,
726,
4274,
7176,
971,
5651,
5333,
8119,
6741,
6674,
7917,
1533,
3079,
1512,
2506,
3273,
1555,
5151,
6905,
4243,
3983,
5573,
1964,
7364,
2042,
4050,
7715,
6806,
1213,
4579,
7362,
2111,
869,
816,
2519,
1819,
1261,
7282,
6132,
3312,
3247,
6922,
6450,
4859,
2264,
4994,
573,
282,
3882,
5399,
3035,
263,
1537,
7656,
5731,
386,
5977,
1288,
839,
5308,
6794,
6039,
6672,
2425,
5001,
4478,
2501,
4087,
4091,
4818,
5600,
7267,
5660,
6728,
7916,
6656,
8141,
315,
4565,
4123,
1403,
4714,
3039,
4546,
8043,
5999,
3614,
5829,
2647,
2779,
4163,
3580,
4331,
6838,
4874,
6346,
2693,
6280,
3765,
6487,
2173,
2150,
3645,
4548,
3000,
2646,
7128,
1910,
1363,
4952,
6344,
6915,
5100,
6791,
3674,
1053,
1952,
1697,
384,
5704,
2392,
5201,
3433,
2421,
7012,
6013,
3284,
4950,
6075,
5257,
2222,
4273,
2991,
3534,
337,
942,
4038,
7247,
3942,
4807,
4326,
1105,
5136,
2629,
226,
7347,
5091,
3957,
2911,
4926,
7405,
5612,
3327,
7233,
1100,
7448,
3164,
4321,
6437,
974,
7929,
213,
1657,
124,
6821,
7001,
1699,
6022,
6091,
225,
1275,
3886,
1047,
7155,
1908,
7011,
1344,
5953,
5772,
8148,
7323,
7079,
367,
1829,
6867,
8094,
6201,
5934,
6071,
8018,
2814,
6518,
7956,
1691,
5805,
5002,
7526,
3814,
7491,
6019,
524,
6203,
5094,
6573,
6223,
5928,
7949,
1122,
6291,
7068,
3936,
7455,
3829,
188,
4533,
2168,
7346,
3885,
1529,
6595,
3724,
3338,
3714,
3390,
3861,
1168,
2010,
1673,
6912,
4832,
3505,
2194,
7165,
8069,
4756,
5572,
7463,
4513,
4723,
3032,
317,
231,
5993,
7518,
3226,
2682,
2626,
4854,
2744,
5322,
7459,
3822,
717,
6745,
7938,
1029,
4286,
7419,
5515,
4482,
6412,
4394,
6824,
7327,
4171,
990,
7095,
688,
7901,
3116,
3715,
4590,
3701,
5749,
913,
2614,
3078,
6007,
613,
2012,
1561,
5974,
6368,
2305,
5656,
6115,
6048,
2402,
5342,
1808,
1625,
4423,
7560,
4755,
776,
6196,
6778,
6525,
4778,
6488,
6725,
2275,
2876,
727,
2135,
2243,
4102,
7827,
273,
707,
6562,
3090,
5004,
1131,
3528,
457,
7942,
7421,
2037,
569,
6074,
1250,
2053,
4468,
3851,
3321,
4262,
5116,
3511,
3863,
4393,
3559,
7124,
7330,
7173,
7624,
3729,
4763,
1143,
5627,
2974,
3147,
7825,
6566,
1410,
8129,
542,
7470,
4308,
838,
563,
784,
4058,
1140,
1212,
5719,
7355,
3859,
5440,
7331,
5768,
5360,
7153,
6829,
4236,
7599,
5252,
6056,
5683,
6326,
487,
2689,
4299,
4156,
6468,
1822,
2517,
650,
7338,
4143,
2112,
5966,
3515,
429,
6770,
5020,
2661,
45,
5910,
4785,
6678,
6930,
1634,
4955,
6859,
5589,
5715,
6081,
2623,
7391,
5861,
3908,
2248,
3776,
4332,
7800,
6657,
2233,
8025,
3968,
3339,
5828,
668,
5709,
3734,
1447,
5365,
7354,
1506,
4228,
2232,
1914,
6717,
7995,
1831,
7502,
7698,
5509,
2061,
2099,
5551,
8161,
1648,
2397,
1519,
5367,
758,
8113,
7506,
7966,
4176,
6274,
4379,
4552,
3537,
5304,
5951,
3251,
835,
6282,
7845,
3360,
1196,
3947,
224,
8147,
4876,
5379,
7722,
6966,
7974,
3721,
670,
4906,
4496,
478,
3870,
2907,
4095,
754,
5419,
4207,
4497,
3541,
2743,
4535,
323,
6977,
4173,
1368,
6243,
4052,
5724,
5686,
1490,
3408,
5641,
2461,
4101,
5171,
929,
4779,
963,
6664,
7654,
2103,
361,
4349,
1850,
111,
8120,
1864,
1920,
5820,
6425,
7980,
4589,
5681,
6765,
6633,
2221,
420,
2738,
6449,
407,
3151,
2926,
7871,
8100,
6616,
1353,
7617,
782,
2366,
676,
3946,
198,
3717,
2212,
6467,
1366,
1349,
2121,
5011,
4830,
4554,
4191,
1959,
589,
6779,
7061,
6746,
4480,
7703,
6987,
5388,
8157,
2463,
920,
1003,
6110,
4966,
5082,
7143,
745,
6062,
2695,
2503,
1343,
7283,
7276,
73,
6749,
6837,
3033,
5495,
4945,
265,
7341,
6898,
1166,
3065,
6114,
7148,
6317,
3388,
2808,
1191,
114,
4592,
5986,
1923,
3156,
6953,
5291,
5174,
465,
6150,
7197,
7058,
6172,
79,
6240,
2844,
5493,
2914,
1014,
6125,
1605,
8058,
6731,
618,
7826,
7812,
8116,
2380,
5705,
1583,
3600,
2300,
3982,
671,
4029,
3590,
6441,
2020,
5130,
6895,
2439,
2346,
1423,
6964,
4703,
4789,
6031,
4659,
1787,
6937,
4445,
1560,
4559,
5086,
1893,
4232,
7024,
873,
5687,
4537,
531,
7517,
2536,
432,
1536,
3751,
7998,
5670,
1974,
3166,
633,
1043,
4750,
5065,
3102,
7399,
3496,
6273,
2048,
802,
1389,
831,
2398,
8172,
3107,
2542,
4270,
1373,
7239,
2370,
3682,
4364,
737,
7865,
339,
3266,
5775,
6508,
4766,
6458,
3817,
1666,
4436,
946,
3874,
1738,
1040,
7272,
567,
4120,
955,
927,
6383,
342,
6814,
5299,
5780,
7607,
3827,
5397,
7608,
2998,
6126,
5438,
438,
3168,
6283,
7293,
8073,
3914,
1983,
2877,
5822,
6057,
6680,
4499,
1205,
8135,
1813,
7892,
6130,
4275,
7987,
6284,
1790,
6144,
2114,
2309,
5559,
6654,
7337,
6190,
205,
626,
4066,
2358,
6569,
4623,
4419,
227,
2684,
7903,
2846,
6299,
3381,
139,
518,
5169,
448,
2654,
2195,
553,
332,
5806,
3808,
5217,
5246,
7625,
6444,
1392,
7380,
5815,
6277,
1199,
5017,
393,
5022,
4139,
3777,
4148,
4084,
6351,
2720,
7574,
5198,
4111,
7780,
2961,
1794,
4047,
575,
1083,
5236,
7511,
1058,
2231,
6519,
2477,
767,
2749,
599,
5102,
6454,
992,
6397,
2056,
3880,
1274,
3299,
7087,
7047,
5489,
1290,
2837,
5789,
3611,
3704,
7530,
7802,
5510,
6028,
3919,
6949,
3578,
4074,
2917,
3719,
1998,
8037,
1568,
5945,
5586,
5354,
1508,
4293,
888,
7132,
6904,
4360,
7113,
2350,
469,
6510,
7259,
380,
5751,
5363,
4962,
3991,
1469,
7453,
3577,
1385,
6210,
4061,
7370,
138,
2201,
5892,
7274,
2872,
2883,
3473,
8109,
4704,
6382,
2353,
961,
1869,
3209,
3488,
6215,
8030,
3831,
6294,
699,
7303,
7810,
3008,
5911,
76,
454,
4520,
3176,
7059,
6434,
4866,
4617,
1800,
1016,
360,
7187,
6157,
7051,
931,
1360,
924,
6991,
7048,
4918,
8098,
4158,
3346,
6354,
5619,
7789,
4125,
1232,
1028,
4449,
3739,
6464,
2571,
4532,
145,
5430,
603,
4385,
5684,
500,
5064,
3462,
4865,
5520,
808,
51,
4256,
967,
1621,
1966,
7277,
590,
7817,
7078,
4271,
7994,
6675,
1729,
6874,
4650,
5361,
4557,
6073,
5462,
170,
1826,
468,
7397,
4900,
7023,
4625,
5697,
5950,
4883,
34,
8177,
6339,
1356,
5276,
3049,
4031,
5035,
1144,
7859,
4610,
7788,
3779,
2097,
7585,
7684,
2924,
4654,
1484,
4372,
1467,
7373,
2525,
2947,
4116,
5286,
6307,
6653,
572,
7981,
7091,
458,
4069,
6423,
7319,
7738,
7235,
1760,
6744,
4749,
7200,
5364,
4164,
2919,
7622,
5800,
6972,
5836,
3333,
7852,
5393,
4485,
8000,
6241,
1711,
6976,
1764,
8016,
5207,
1837,
5908,
2556,
5385,
3451,
4476,
6286,
8014,
1307,
5909,
5580,
6586,
6965,
6365,
3202,
2983,
2565,
1464,
550,
1496,
4549,
1007,
6261,
3796,
2949,
3374,
7126,
4614,
5097,
4489,
2569,
3082,
2450,
7961,
973,
826,
5629,
2174,
4269,
8056,
1223,
470,
6931,
3231,
6751,
4056,
3759,
4096,
4313,
5884,
7900,
1531,
6606,
1382,
2910,
3203,
1991,
6997,
4547,
5512,
1511,
7583,
3410,
6567,
4887,
1173,
2287,
5560,
1655,
1918,
5784,
7636,
2041,
4150,
828,
1881,
7073,
5034,
6801,
5496,
1578,
6509,
5072,
646,
4631,
2292,
2316,
7579,
2101,
1777,
4114,
4840,
4441,
5253,
2954,
3629,
1538,
4040,
6045,
4471,
2256,
6217,
1570,
5843,
7131,
1045,
4700,
7080,
3806,
4345,
2539,
3245,
1114,
5839,
2279,
5794,
5857,
87,
1018,
2957,
4422,
5218,
3133,
7714,
7332,
2153,
4495,
483,
1358,
953,
4362,
3052,
2562,
4686,
612,
830,
7586,
1547,
3128,
6459,
1247,
4572,
4786,
7367,
3308,
3907,
1273,
3126,
7794,
1969,
6565,
1042,
5736,
6295,
6983,
3945,
2651,
3053,
3199,
2496,
4196,
1351,
6314,
218,
7860,
2379,
8131,
5060,
4727,
7196,
6870,
2898,
2956,
3677,
6735,
5848,
2902,
5469,
7218,
329,
1398,
2979,
3587,
5185,
5052,
5528,
4319,
7549,
4255,
6938,
7403,
5508,
2013,
2619,
1948,
6871,
3901,
7537,
107,
7375,
2733,
5107,
1928,
5807,
5835,
7304,
5616,
2500,
5381,
299,
2523,
8158,
5466,
6583,
3687,
5926,
1338,
6810,
3138,
933,
2351,
7439,
6218,
8046,
4325,
4585,
1060,
6262,
6886,
3819,
411,
6161,
2826,
3625,
5864,
5558,
4893,
5748,
2032,
6878,
269,
5148,
6917,
2082,
11,
6818,
5359,
5104,
2064,
654,
6102,
2618,
4734,
6289,
577,
3525,
4464,
4754,
8106,
3685,
1815,
4048,
4500,
2702,
6050,
3027,
3171,
6835,
1702,
6954,
4633,
3257,
4872,
5362,
7733,
5006,
6952,
3755,
6308,
4792,
3169,
7510,
7433,
3935,
1044,
985,
2960,
6387,
1092,
5663,
7093,
4377,
4606,
340,
7159,
1546,
934,
994,
5985,
5846,
6254,
8173,
3132,
4817,
7054,
645,
2329,
5814,
6536,
6797,
551,
5625,
1722,
556,
1558,
3358,
2051,
6834,
6560,
2057,
6247,
6557,
6465,
1005,
3745,
5432,
6321,
813,
2396,
6650,
2830,
3389,
4797,
7212,
5981,
6373,
5640,
2147,
2219,
7685,
7558,
3480,
6406,
7500,
85,
6476,
6372,
984,
8024,
3627,
5470,
7199,
6537,
7803,
21,
6101,
3192,
6577,
4712,
5302,
7909,
3287,
6143,
930,
5445,
5480,
95,
180,
4732,
4481,
2810,
7105,
5300,
1269,
6413,
5773,
2900,
4743,
2454,
1938,
8118,
3359,
6416,
2942,
2934,
4751,
5282,
6738,
6046,
5471,
5732,
884,
7160,
4545,
7466,
4044,
3571,
2995,
6900,
6941,
4975,
115,
7629,
6721,
4539,
2792,
1425,
5693,
5834,
1972,
1940,
2603,
7507,
3225,
3772,
2927,
3081,
6803,
4081,
6120,
3669,
2508,
733,
2196,
4414,
1934,
3592,
7701,
5145,
4117,
6759,
1128,
1986,
5324,
4568,
6059,
3951,
4452,
643,
5931,
6843,
8020,
6712,
78,
2822,
1365,
7649,
6556,
5133,
1500,
925,
1244,
7437,
3437,
5007,
1736,
6478,
6403,
3722,
4059,
7184,
4487,
3810,
3591,
7181,
1884,
3483,
1361,
5932,
2891,
2007,
6862,
3136,
899,
3596,
8027,
5997,
3263,
6955,
5887,
2368,
5409,
6058,
2835,
3093,
1364,
878,
565,
7781,
7328,
5770,
7753,
1048,
4914,
6544,
1463,
1257,
3395,
850,
4891,
5024,
7939,
130,
1503,
2690,
6128,
3538,
848,
6312,
514,
6016,
7808,
1564,
1108,
2076,
2273,
5643,
561,
3916,
703,
3066,
335,
3849,
6625,
5150,
5095,
2804,
5936,
2659,
322,
8051,
6051,
7523,
4206,
4974,
3659,
4365,
8026,
1629,
7033,
7432,
3970,
6649,
1445,
4281,
7431,
7324,
7968,
3532,
4027,
1968,
3223,
6992,
1482,
3367,
15,
7505,
4020,
2410,
1455,
7634,
5988,
6420,
5965,
5741,
1418,
328,
5135,
242,
3400,
1501,
3566,
7315,
8054,
5990,
7809,
1975,
201,
8080,
5329,
822,
162,
6901,
757,
7222,
5387,
2973,
7829,
1109,
2703,
2188,
1493,
1868,
3397,
6134,
559,
4388,
1866,
6296,
3417,
4282,
3130,
7219,
1326,
815,
3877,
4580,
2676,
1776,
3825,
5613,
6486,
2776,
2766,
3373,
7866,
5009,
425,
6943,
1337,
1036,
7775,
8066,
216,
449,
6443,
6432,
1266,
6704,
6124,
1371,
1637,
7028,
7140,
3060,
3275,
861,
7045,
6805,
2399,
962,
7955,
7046,
5721,
8005,
3793,
3845,
2861,
2322,
693,
954,
836,
3190,
1557,
7587,
6967,
970,
926,
3131,
5840,
6271,
2989,
6236,
48,
49,
1393,
413,
568,
7117,
5042,
7210,
7751,
2937,
6064,
4483,
5759,
6479,
6037,
7627,
383,
4294,
2100,
1573,
7438,
2935,
2483,
765,
140,
1545,
6682,
4875,
6699,
4586,
28,
2482,
4507,
5435,
5444,
4536,
4741,
5904,
6802,
6647,
6359,
7613,
3711,
5535,
474,
1217,
7683,
2087,
5745,
7010,
4823,
357,
5311,
1683,
4949,
395,
6041,
1027,
1650,
175,
5661,
7718,
6762,
4522,
2330,
5989,
3443,
6596,
6419,
7053,
5685,
6582,
6597,
2967,
4297,
8123,
4877,
615,
3174,
4998,
3615,
4824,
6292,
5891,
5525,
2735,
4600,
2847,
7693,
238,
8085,
1971,
4999,
502,
3084,
1680,
4846,
7492,
5108,
2340,
588,
126,
3386,
3713,
5797,
5114,
1419,
1316,
5290,
548,
7978,
2551,
2909,
3671,
6669,
2132,
5767,
3972,
7524,
2577,
2558,
1481,
4453,
2115,
5249,
1639,
3653,
2017,
7861,
2780,
7669,
6200,
7269,
160,
6358,
5172,
122,
1233,
7221,
1698,
1306,
5146,
1799,
3224,
6384,
6096,
1765,
679,
7858,
5175,
3188,
3512,
1844,
5244,
1636,
6826,
4303,
7767,
171,
2609,
6924,
6008,
1086,
7531,
865,
3469,
635,
1913,
7424,
7279,
7885,
6820,
1292,
4330,
1078,
6850,
2218,
2381,
2341,
309,
3607,
1640,
7384,
1437,
6235,
1171,
5129,
4922,
3421,
431,
6407,
5280,
6180,
2420,
7205,
3197,
7353,
306,
5596,
3898,
152,
5235,
6526,
732,
447,
234,
4731,
3984,
4260,
7529,
3006,
7409,
6643,
1880,
4879,
7890,
4724,
1810,
549,
2389,
7820,
8155,
3369,
4619,
886,
287,
7216,
6813,
2349,
7535,
1357,
2697,
5803,
714,
3193,
2214,
2823,
7667,
7094,
5468,
4597,
1139,
7294,
4132,
3429,
669,
7192,
7348,
7908,
1099,
8125,
3858,
2747,
1024,
4105,
1192,
5087,
7479,
3067,
5405,
3976,
6921,
6456,
3533,
753,
1597,
4884,
1355,
1523,
6395,
1184,
6963,
2981,
6471,
7756,
1049,
3423,
5961,
5517,
7365,
4292,
8088,
4803,
7687,
5425,
6553,
6760,
2303,
7414,
5041,
5370,
7868,
7180,
4108,
83,
5240,
4685,
4284,
7906,
1454,
7799,
5692,
5795,
3150,
6968,
1725,
6906,
2423,
2249,
6431,
7681,
2095,
6327,
762,
7671,
5912,
7872,
6239,
1071,
840,
1727,
6322,
7692,
2845,
6561,
2123,
338,
6015,
2925,
4072,
5941,
2002,
6860,
7088,
7575,
3205,
4296,
8183,
837,
855,
3892,
1526,
5071,
7724,
6270,
2637,
5678,
1159,
2825,
4526,
471,
1062,
6136,
373,
4213,
3310,
5935,
6133,
6705,
774,
5262,
5929,
2655,
221,
7501,
6950,
2326,
3354,
4001,
7305,
3294,
5653,
2107,
6178,
4053,
6603,
5637,
6809,
7317,
5753,
5971,
2816,
7983,
4826,
3631,
3244,
1167,
4867,
6104,
7895,
2811,
3662,
4993,
182,
2440,
4838,
3368,
5134,
399,
6619,
7483,
3752,
2181,
6100,
7249,
8189,
7759,
5061,
7849,
3309,
6668,
3865,
2022,
3058,
2400,
3804,
7828,
708,
5742,
2705,
1346,
895,
5581,
7869,
5408,
2874,
7489,
508,
7897,
7725,
1377,
6229,
885,
7615,
4289,
7833,
8164,
3606,
1761,
5441,
72,
2,
4013,
1704,
5271,
1372,
5000,
3710,
7312,
5595,
6783,
2356,
6756,
3366,
344,
5205,
6970,
4668,
8179,
1241,
6615,
3521,
1093,
525,
4477,
5532,
1979,
5196,
1838,
1659,
1216,
3005,
6269,
3546,
1376,
6103,
6517,
2757,
6928,
3119,
4447,
7318,
3256,
2080,
3552,
5994,
7674,
7842,
4100,
1821,
1616,
6781,
2170,
1854,
6703,
7360,
4494,
3476,
7694,
7186,
7190,
6776,
1478,
7042,
810,
6679,
2580,
5490,
1446,
5355,
3280,
3316,
4351,
5702,
7635,
1746,
6164,
4010,
6863,
6757,
358,
3419,
2460,
7389,
7385,
1630,
7619,
4901,
998,
4484,
2182,
7407,
5477,
7428,
5541,
2488,
4358,
1068,
6652,
7545,
8067,
5346,
4251,
4,
7948,
3086,
1428,
4793,
2547,
2516,
8021,
3422,
2142,
958,
3208,
621,
3780,
3018,
2977,
1256,
3055,
7241,
1076,
7990,
768,
5216,
7578,
6605,
834,
5713,
2244,
4211,
5162,
7418,
4718,
7052,
7127,
5590,
7413,
907,
1193,
2406,
6006,
5500,
3259,
3045,
223,
8138,
2628,
5026,
4172,
3588,
515,
6775,
7425,
484,
2271,
2566,
7202,
5591,
327,
5708,
3775,
1237,
7844,
6469,
6127,
7280,
4858,
7592,
918,
6055,
7992,
6318,
2595,
494,
6233,
5842,
4186,
7067,
880,
3494,
4897,
8012,
3268,
6956,
5487,
3695,
3797,
410,
4888,
7,
6017,
4812,
4204,
1980,
5337,
3702,
5080,
7824,
6847,
2563,
7000,
5256,
229,
2521,
7934,
6576,
7110,
1553,
2000,
4531,
1956,
862,
6079,
2535,
1618,
5105,
2306,
7295,
6554,
6378,
4187,
6207,
4475,
80,
4501,
6848,
7017,
4609,
6206,
7554,
7086,
134,
2484,
4665,
2236,
6129,
4558,
5943,
7841,
759,
4541,
1651,
928,
7115,
3295,
3214,
5879,
631,
2685,
6035,
5694,
5132,
4738,
4902,
1602,
291,
5392,
3288,
4730,
1753,
1653,
889,
4088,
6666,
1008,
4409,
1664,
7645,
1809,
2259,
7723,
5850,
1177,
37,
5949,
5098,
5070,
8174,
700,
787,
1075,
7682,
1897,
3879,
3700,
7602,
987,
4702,
2880,
4000,
7450,
1737,
7275,
982,
3139,
3953,
3783,
4131,
5576,
2859,
795,
3992,
3565,
2336,
2005,
503,
46,
1175,
7101,
860,
2332,
591,
4229,
1786,
7646,
533,
7748,
1185,
8072,
2324,
656,
6328,
8002,
8084,
7665,
7971,
4753,
5746,
351,
7729,
4304,
3099,
2622,
6313,
6415,
659,
1793,
7940,
6020,
7246,
6593,
1935,
5562,
3619,
4291,
705,
1182,
3828,
803,
1013,
7741,
7133,
3332,
6854,
4180,
1917,
1668,
4599,
5483,
7158,
1731,
6302,
1222,
5200,
1667,
3644,
7316,
6614,
6477,
249,
7801,
1696,
7149,
3375,
7339,
5206,
5611,
4248,
5902,
2355,
6842,
7255,
7614,
451,
8160,
7495,
5873,
7730,
5639,
8074,
6696,
1627,
2485,
4197,
4077,
4311,
3997,
3789,
2829,
6033,
4352,
5139,
6138,
2593,
2732,
7477,
6265,
2869,
903,
7639,
5279,
2831,
7504,
943,
1510,
3503,
389,
1315,
7553,
8086,
1341,
4603,
1466,
3593,
4223,
5979,
4641,
7398,
4620,
2688,
2412,
2030,
5320,
3464,
6911,
3665,
4428,
3725,
4856,
5314,
6304,
2337,
2988,
7991,
4680,
3145,
98,
7485,
4011,
7707,
8007,
3115,
7043,
5030,
6868,
4849,
264,
7544,
5905,
691,
6822,
1855,
6336,
5499,
8149,
5032,
7864,
5575,
7475,
7372,
6659,
2344,
2047,
540,
4729,
1431,
5718,
1758,
6786,
7356,
254,
1019,
7174,
7588,
912,
5288,
4689,
1559,
4566,
7814,
4399,
736,
4794,
1426,
1477,
1150,
366,
1622,
7704,
1936,
6137,
1204,
3087,
1280,
1676,
3778,
2006,
3240,
4216,
2289,
3836,
3487,
5376,
3153,
7220,
3800,
6914,
2372,
3037,
7923,
4912,
3262,
7026,
2011,
193,
7881,
3222,
5003,
7358,
3439,
3830,
390,
908,
3539,
5874,
290,
176,
7032,
1678,
1677,
1714,
2333,
3703,
1270,
6617,
7175,
3890,
6990,
7215,
2164,
594,
7245,
3017,
5917,
1999,
3986,
4277,
330,
3195,
4203,
1915,
3063,
7509,
5481,
7476,
5458,
4450,
5283,
3234,
2615,
3445,
4165,
1396,
1768,
4279,
3897,
7898,
3572,
2882,
6148,
2896,
3921,
4384,
1902,
6902,
3026,
1200,
1072,
4527,
6763,
2572,
3738,
7352,
7659,
4770,
7229,
5413,
1540,
4367,
7253,
2127,
7064,
7550,
2966,
6787,
4174,
7057,
1674,
3833,
65,
932,
6719,
4707,
4809,
7003,
2579,
2018,
605,
1990,
7426,
1051,
64,
4587,
2770,
7298,
4288,
6018,
2442,
7805,
5165,
1400,
2841,
1641,
647,
5838,
5031,
4170,
7268,
4410,
2274,
4278,
7484,
7447,
4799,
678,
3324,
3046,
883,
3490,
5552,
5895,
809,
4473,
7445,
3980,
7787,
7359,
5571,
3020,
4851,
6189,
29,
5744,
7129,
3056,
3683,
3347,
8001,
1438,
6973,
184,
843,
5237,
7984,
2632,
7145,
3092,
7520,
866,
3072,
17,
6323,
1124,
1267,
2892,
2884,
7604,
4138,
7982,
5563,
3213,
1873,
2721,
728,
3264,
7288,
4444,
6462,
7559,
301,
5353,
6940,
4408,
2290,
6958,
3647,
297,
5124,
8132,
194,
4790,
749,
3601,
7976,
6916,
7005,
7263,
2707,
3855,
3129,
7286,
7626,
7395,
5578,
6435,
3690,
7121,
5537,
6632,
372,
6855,
2033,
3757,
1565,
2491,
3250,
6264,
6845,
7610,
5183,
3219,
1755,
3436,
1527,
5601,
113,
3586,
2939,
6685,
6663,
6723,
697,
1835,
2546,
4189,
7270,
5680,
3709,
7603,
7311,
141,
7066,
7870,
1522,
280,
7977,
7468,
7598,
3723,
6708,
6513,
1977,
5557,
4016,
4776,
1662,
5540,
6981,
7404,
1091,
4551,
4968,
75,
1563,
1085,
4166,
1771,
2741,
128,
5671,
7933,
4822,
7566,
6881,
2313,
1067,
6698,
2799,
2534,
30,
4819,
4149,
1535,
6849,
5609,
3404,
3435,
2122,
2197,
5605,
3903,
1688,
7582,
7446,
4055,
147,
161,
6692,
3337,
1465,
1009,
5173,
6097,
5422,
419,
2709,
6418,
7556,
5398,
1905,
3162,
5855,
6054,
1149,
54,
2205,
3943,
1814,
5809,
5760,
5281,
4652,
722,
5615,
4528,
5907,
3680,
6095,
7430,
3371,
4925,
706,
7735,
940,
3561,
2827,
5866,
3928,
4882,
1450,
966,
7236,
5325,
5013,
5762,
6331,
4722,
3370,
3782,
3844,
1329,
401,
6494,
7138,
6866,
1174,
5728,
4017,
8153,
5043,
405,
8062,
4777,
5783,
6496,
3062,
1670,
6170,
1116,
3061,
7289,
7644,
709,
4301,
3624,
2544,
3922,
3091,
1589,
2265,
3376,
719,
5969,
2172,
6348,
1649,
3450,
7070,
3768,
4194,
6729,
1924,
3860,
5769,
5984,
5373,
7390,
7309,
7699,
4885,
2494,
1448,
8184,
2996,
7912,
7943,
5220,
4691,
2391,
3905,
4124,
4426,
1645,
1876,
121,
275,
7690,
3672,
1879,
1021,
6481,
8089,
7008,
2245,
2718,
7163,
5727,
7973,
2643,
2299,
2930,
7847,
3582,
7456,
5638,
3708,
1502,
6533,
2530,
3249,
2495,
2587,
1608,
7745,
3278,
1770,
2435,
6839,
1661,
5460,
2518,
4904,
7668,
6364,
4397,
6461,
7936,
5357,
2049,
2151,
6644,
2422,
4929,
7451,
2881,
7369,
6528,
5227,
7590,
5313,
5566,
208,
40,
341,
7106,
2334,
6065,
1084,
3784,
8152,
5883,
1863,
3643,
8075,
5046,
3732,
3964,
980,
6884,
2141,
2146,
5056,
1624,
5219,
8035,
652,
6324,
173,
7198,
1601,
5633,
8168,
2560,
7182,
397,
7342,
5226,
2004,
3843,
7873,
1378,
2922,
8162,
4443,
215,
778,
6439,
131,
2029,
1982,
3530,
1728,
2948,
1479,
4762,
7250,
720,
6259,
2177,
211,
16,
1209,
3585,
3198,
716,
1930,
3869,
8042,
7534,
6063,
7815,
3227,
7007,
164,
5334,
7038,
5210,
281,
7223,
2386,
3693,
5923,
3355,
1620,
5186,
5726,
4927,
7564,
7883,
4711,
2840,
1402,
4355,
7204,
6193,
403,
2437,
744,
7914,
1254,
4221,
3034,
6244,
6641,
4137,
5119,
7628,
3941,
374,
7542,
5040,
7326,
2065,
712,
3379,
4322,
694,
7035,
3189,
3664,
6742,
7762,
8144,
4192,
5579,
2828,
4035,
2490,
2073,
7030,
7444,
2180,
6707,
6500,
7243,
1189,
4371,
3459,
5841,
1932,
6758,
4853,
6061,
4681,
313,
5403,
1795,
3016,
4986,
2561,
2285,
1878,
4333,
3691,
4389,
5507,
579,
4759,
369,
1295,
1574,
3350,
8188,
1925,
6516,
2768,
143,
5345,
4675,
6864,
2940,
7265,
8180,
7266,
3135,
5771,
5695,
1157,
2674,
7648,
4905,
1921,
3902,
6784,
4159,
4064,
1475,
5211,
1623,
6356,
236,
1562,
4847,
4392,
1492,
6939,
2722,
7790,
3961,
738,
1592,
6106,
6506,
6389,
596,
6730,
6145,
7452,
1330,
1409,
7493,
129,
8008,
857,
1660,
5955,
3167,
7178,
5918,
7443,
18,
1443,
7527,
7744,
1852,
4005,
7919,
2848,
6263,
59,
3015,
5916,
4911,
3668,
3279,
2687,
7695,
3463,
3940,
5823,
5352,
7321,
2449,
2783,
452,
1643,
1703,
853,
94,
6739,
6568,
742,
8070,
5077,
7896,
6618,
1491,
7623,
5634,
5786,
7082,
3344,
7538,
1791,
1350,
6521,
6141,
2311,
6564,
3527,
5475,
1514,
3022,
6876,
4492,
4113,
7393,
4080,
3612,
2662,
476,
1127,
5544,
7728,
362,
1468,
7680,
7481,
6119,
7921,
6085,
5347,
5049,
6214,
7757,
8133,
488,
7457,
5472,
534,
8071,
4401,
8013,
6888,
657,
1065,
5818,
2478,
2253,
5168,
7746,
6591,
1807,
2184,
6980,
8170,
3283,
4184,
7899,
434,
7910,
7616,
844,
3286,
1845,
4227,
545,
740,
498,
6926,
5833,
766,
5255,
2522,
7677,
1001,
1420,
8044,
4018,
4128,
44,
4209,
7591,
2487,
3161,
7422,
3031,
5459,
2238,
7499,
5415,
2136,
1635,
3692,
785,
12,
6885,
4395,
7351,
5607,
5925,
1242,
7461,
7739,
2933,
2323,
7763,
5118,
6068,
2308,
5073,
5763,
4041,
7945,
2223,
756,
8137,
5027,
2645,
1996,
1407,
7926,
2021,
5404,
5623,
1289,
7460,
4894,
2680,
856,
3117,
71,
786,
4456,
1783,
7747,
5811,
4457,
2145,
5166,
5673,
7641,
365,
4811,
455,
747,
4318,
939,
6514,
5448,
2025,
1615,
5223,
5297,
2191,
2856,
7605,
7290,
5519,
2298,
3243,
7835,
3985,
436,
2226,
2887,
2038,
8107,
922,
157,
7913,
4268,
658,
3468,
268,
1894,
2893,
8057,
842,
4913,
1857,
230,
528,
6676,
177,
20,
2427,
7161,
4721,
489,
5416,
4344,
5750,
2102,
7947,
228,
5810,
3118,
2851,
4800,
219,
3114,
1318,
7217,
5488,
5447,
4538,
4106,
7248,
687,
1412,
779,
2198,
5776,
4359,
7855,
1219,
5177,
6985,
233,
5067,
1472,
723,
5078,
1567,
1277,
7653,
7771,
6549,
4959,
4510,
4674,
2148,
6774,
6882,
4936,
5340,
7258,
7015,
2797,
597,
5774,
6429,
7228,
5779,
628,
3293,
2726,
4466,
1504,
2548,
1037,
800,
3837,
7036,
7206,
5937,
7831,
1584,
459,
3353,
3,
5712,
4002,
1669,
2428,
5309,
4725,
8127,
3862,
2944,
3857,
1087,
4582,
8091,
944,
441,
3891,
247,
6879,
8104,
4862,
5272,
7651,
3449,
4067,
7386,
4427,
2714,
5377,
1962,
1152,
5178,
5501,
5701,
2886,
1,
368,
4261,
69,
2656,
3241,
4112,
5513,
70,
2543,
5854,
7392,
6975,
3196,
5606,
5010,
3698,
3697,
7924,
520,
1265,
6278,
6347,
3847,
2941,
1733,
8050,
271,
6393,
1142,
7960,
872,
1663,
2745,
6713,
2725,
2480,
2708,
4836,
4474,
4666,
1849,
6635,
8110,
6340,
2369,
7296,
6112,
2710,
8176,
5326,
6001,
6195,
3023,
2608,
5738,
2176,
2860,
1628,
7711,
5193,
2729,
6369,
7207,
3149,
6388,
4678,
1861,
4938,
1781,
686,
5707,
6532,
4835,
1801,
3104,
2642,
2055,
5492,
2492,
3545,
7754,
4804,
7018,
2838,
8169,
5688,
7260,
3881,
6694,
2505,
7650,
4253,
7959,
7513,
2559,
4118,
257,
6823,
6366,
102,
3933,
7721,
1681,
7878,
5802,
637,
2178,
5755,
5161,
6029,
794,
109,
846,
8015,
4744,
192,
1817,
3155,
2283,
6894,
2210,
244,
2918,
5427,
5443,
4612,
7183,
5126,
3217,
1483,
56,
120,
6255,
721,
1870,
7958,
6585,
6000,
584,
1061,
6667,
7555,
272,
163,
3595,
2360,
3456,
2074,
755,
349,
4396,
1211,
2062,
4870,
7016,
1654,
6503,
5277,
5505,
1218,
6575,
3434,
1118,
6421,
4801,
5140,
7287,
3428,
5882,
4134,
5785,
6710,
7879,
519,
7951,
5690,
558,
1847,
7848,
655,
4622,
1138,
7894,
2901,
5668,
2958,
2443,
5982,
6293,
4540,
3194,
827,
4658,
6489,
4664,
1176,
1034,
4434,
8039,
1780,
7168,
6773,
5239,
7050,
1824,
7768,
897,
3181,
3305,
6023,
1617,
1010,
1916,
702,
1588,
8041,
6094,
166,
6002,
382,
6482,
7857,
2294,
2550,
496,
6799,
7166,
7541,
2072,
6798,
7710,
7661,
6683,
6515,
6590,
8034,
6183,
4923,
4375,
3348,
5869,
93,
3911,
7454,
4378,
2260,
7567,
6108,
3995,
4982,
108,
6012,
5570,
1877,
5527,
6630,
2388,
965,
3364,
812,
6093,
7580,
3077,
7911,
5624,
1858,
7856,
6830,
5090,
7905,
2242,
74,
4400,
4563,
7013,
7657,
6507,
8178,
6547,
4341,
3608,
4425,
2764,
2528,
1107,
6404,
2113,
5791,
5648,
6945,
6642,
5434,
4405,
8082,
6833,
4919,
4655,
1057,
5849,
1432,
1456,
2462,
172,
477,
1433,
5243,
7310,
7040,
4575,
5266,
7843,
427,
4357,
6084,
3550,
1183,
2001,
975,
4752,
6009,
989,
3696,
1642,
2711,
3519,
3640,
378,
5896,
6994,
2552,
3491,
6527,
415,
6118,
6260,
6925,
232,
7469,
364,
1033,
7137,
4417,
919,
8096,
4315,
1312,
7793,
421,
6889,
1195,
1784,
3520,
562,
3048,
3185,
486,
5632,
6552,
2719,
4855,
7474,
6160,
4521,
159,
7226,
523,
6505,
5853,
3184,
4638,
616,
7406,
6661,
1430,
5473,
7297,
5127,
7141,
1941,
504,
1497,
3944,
653,
636,
392,
3998,
4964,
4946,
3277,
5120,
2512,
5554,
4869,
683,
4961,
3733,
3186,
5847,
4857,
2540,
5099,
4997,
4524,
2254,
4219,
7772,
4895,
4264,
632,
196,
8097,
258,
433,
5518,
2976,
2652,
2281,
7985,
262,
1752,
2972,
2434,
6258,
4178,
6558,
3010,
499,
6131,
2117,
3841,
5555,
4183,
1234,
1548,
3971,
2746,
6588,
2771,
6394,
7521,
2971,
1002,
783,
4416,
2913,
3452,
5998,
7237,
5187,
2843,
1094,
7643,
1380,
6445,
5092,
2524,
4241,
7557,
6767,
805,
1335,
7877,
2890,
1246,
6684,
3956,
2199,
5213,
1156,
601,
715,
6253,
3728,
4736,
127,
5816,
5963,
1104,
5876,
5801,
6499,
4598,
5115,
3931,
6971,
178,
2529,
7691,
3763,
6027,
5574,
1148,
7214,
6455,
8010,
956,
6861,
4433,
7577,
4705,
5870,
4748,
6752,
4829,
4519,
2992,
2054,
5858,
1842,
6984,
5426,
485,
8122,
560,
7862,
4459,
422,
2724,
7004,
4012,
2098,
4581,
5418,
2403,
1907,
6122,
983,
4607,
7340,
5380,
6982,
4506,
0,
19,
3140,
4215,
5506,
5453,
6230,
7458,
2297,
3641,
1395,
2090,
6944,
3535,
1609,
3398,
6225,
1362,
4594,
3875,
2798,
6815,
1604,
1098,
3635,
6194,
3918,
5170,
4773,
2257,
2261,
6083,
1328,
6869,
4099,
4034,
988,
303,
7191,
6072,
3292,
5476,
3854,
1101,
6297,
6613,
7637,
7230,
3866,
1911,
2075,
1190,
7594,
7819,
512,
3218,
877,
7642,
3430,
1238,
1744,
1701,
1253,
4380,
8175,
1170,
5716,
2696,
2908,
5930,
4503,
796,
4542,
7609,
5901,
5338,
5344,
2126,
3407,
7125,
4199,
1919,
1937,
7969,
7136,
2594,
6392,
1136,
6147,
6702,
1262,
6111,
7185,
7561,
5845,
8053,
1569,
1063,
2920,
7164,
7102,
1989,
1169,
3285,
3392,
3544,
7679,
7154,
4843,
4153,
144,
2365,
3562,
};