B = {
0,
14,
13,
5,
16,
11,
10,
9,
12,
0,
8,
7,
15,
4,
3,
2,
0,
30,
29,
21,
32,
27,
26,
25,
28,
0,
24,
23,
31,
20,
19,
18,
0,
46,
45,
37,
48,
43,
42,
41,
44,
0,
40,
39,
47,
36,
35,
34,
0,
62,
61,
53,
64,
59,
58,
57,
60,
0,
56,
55,
63,
52,
51,
50,
0,
78,
77,
69,
80,
75,
74,
73,
76,
0,
72,
71,
79,
68,
67,
66,
0,
94,
93,
85,
96,
91,
90,
89,
92,
0,
88,
87,
95,
84,
83,
82,
0,
110,
109,
101,
112,
107,
106,
105,
108,
0,
104,
103,
111,
100,
99,
98,
0,
126,
125,
117,
128,
123,
122,
121,
124,
0,
120,
119,
127,
116,
115,
114,
0,
142,
141,
133,
144,
139,
138,
137,
140,
0,
136,
135,
143,
132,
131,
130,
0,
158,
157,
149,
160,
155,
154,
153,
156,
0,
152,
151,
159,
148,
147,
146,
0,
174,
173,
165,
176,
171,
170,
169,
172,
0,
168,
167,
175,
164,
163,
162,
0,
190,
189,
181,
192,
187,
186,
185,
188,
0,
184,
183,
191,
180,
179,
178,
0,
206,
205,
197,
208,
203,
202,
201,
204,
0,
200,
199,
207,
196,
195,
194,
0,
222,
221,
213,
224,
219,
218,
217,
220,
0,
216,
215,
223,
212,
211,
210,
0,
238,
237,
229,
240,
235,
234,
233,
236,
0,
232,
231,
239,
228,
227,
226,
0,
254,
253,
245,
256,
251,
250,
249,
252,
0,
248,
247,
255,
244,
243,
242,
0,
270,
269,
261,
272,
267,
266,
265,
268,
0,
264,
263,
271,
260,
259,
258,
0,
286,
285,
277,
288,
283,
282,
281,
284,
0,
280,
279,
287,
276,
275,
274,
0,
302,
301,
293,
304,
299,
298,
297,
300,
0,
296,
295,
303,
292,
291,
290,
0,
318,
317,
309,
320,
315,
314,
313,
316,
0,
312,
311,
319,
308,
307,
306,
0,
334,
333,
325,
336,
331,
330,
329,
332,
0,
328,
327,
335,
324,
323,
322,
0,
350,
349,
341,
352,
347,
346,
345,
348,
0,
344,
343,
351,
340,
339,
338,
0,
366,
365,
357,
368,
363,
362,
361,
364,
0,
360,
359,
367,
356,
355,
354,
0,
382,
381,
373,
384,
379,
378,
377,
380,
0,
376,
375,
383,
372,
371,
370,
0,
398,
397,
389,
400,
395,
394,
393,
396,
0,
392,
391,
399,
388,
387,
386,
0,
414,
413,
405,
416,
411,
410,
409,
412,
0,
408,
407,
415,
404,
403,
402,
0,
430,
429,
421,
432,
427,
426,
425,
428,
0,
424,
423,
431,
420,
419,
418,
0,
446,
445,
437,
448,
443,
442,
441,
444,
0,
440,
439,
447,
436,
435,
434,
0,
462,
461,
453,
464,
459,
458,
457,
460,
0,
456,
455,
463,
452,
451,
450,
0,
478,
477,
469,
480,
475,
474,
473,
476,
0,
472,
471,
479,
468,
467,
466,
0,
494,
493,
485,
496,
491,
490,
489,
492,
0,
488,
487,
495,
484,
483,
482,
0,
510,
509,
501,
512,
507,
506,
505,
508,
0,
504,
503,
511,
500,
499,
498,
0,
526,
525,
517,
528,
523,
522,
521,
524,
0,
520,
519,
527,
516,
515,
514,
0,
542,
541,
533,
544,
539,
538,
537,
540,
0,
536,
535,
543,
532,
531,
530,
0,
558,
557,
549,
560,
555,
554,
553,
556,
0,
552,
551,
559,
548,
547,
546,
0,
574,
573,
565,
576,
571,
570,
569,
572,
0,
568,
567,
575,
564,
563,
562,
0,
590,
589,
581,
592,
587,
586,
585,
588,
0,
584,
583,
591,
580,
579,
578,
0,
606,
605,
597,
608,
603,
602,
601,
604,
0,
600,
599,
607,
596,
595,
594,
0,
622,
621,
613,
624,
619,
618,
617,
620,
0,
616,
615,
623,
612,
611,
610,
0,
638,
637,
629,
640,
635,
634,
633,
636,
0,
632,
631,
639,
628,
627,
626,
0,
654,
653,
645,
656,
651,
650,
649,
652,
0,
648,
647,
655,
644,
643,
642,
0,
670,
669,
661,
672,
667,
666,
665,
668,
0,
664,
663,
671,
660,
659,
658,
0,
686,
685,
677,
688,
683,
682,
681,
684,
0,
680,
679,
687,
676,
675,
674,
0,
702,
701,
693,
704,
699,
698,
697,
700,
0,
696,
695,
703,
692,
691,
690,
0,
718,
717,
709,
720,
715,
714,
713,
716,
0,
712,
711,
719,
708,
707,
706,
0,
734,
733,
725,
736,
731,
730,
729,
732,
0,
728,
727,
735,
724,
723,
722,
0,
750,
749,
741,
752,
747,
746,
745,
748,
0,
744,
743,
751,
740,
739,
738,
0,
766,
765,
757,
768,
763,
762,
761,
764,
0,
760,
759,
767,
756,
755,
754,
0,
782,
781,
773,
784,
779,
778,
777,
780,
0,
776,
775,
783,
772,
771,
770,
0,
798,
797,
789,
800,
795,
794,
793,
796,
0,
792,
791,
799,
788,
787,
786,
0,
814,
813,
805,
816,
811,
810,
809,
812,
0,
808,
807,
815,
804,
803,
802,
0,
830,
829,
821,
832,
827,
826,
825,
828,
0,
824,
823,
831,
820,
819,
818,
0,
846,
845,
837,
848,
843,
842,
841,
844,
0,
840,
839,
847,
836,
835,
834,
0,
862,
861,
853,
864,
859,
858,
857,
860,
0,
856,
855,
863,
852,
851,
850,
0,
878,
877,
869,
880,
875,
874,
873,
876,
0,
872,
871,
879,
868,
867,
866,
0,
894,
893,
885,
896,
891,
890,
889,
892,
0,
888,
887,
895,
884,
883,
882,
0,
910,
909,
901,
912,
907,
906,
905,
908,
0,
904,
903,
911,
900,
899,
898,
0,
926,
925,
917,
928,
923,
922,
921,
924,
0,
920,
919,
927,
916,
915,
914,
0,
942,
941,
933,
944,
939,
938,
937,
940,
0,
936,
935,
943,
932,
931,
930,
0,
958,
957,
949,
960,
955,
954,
953,
956,
0,
952,
951,
959,
948,
947,
946,
0,
974,
973,
965,
976,
971,
970,
969,
972,
0,
968,
967,
975,
964,
963,
962,
0,
990,
989,
981,
992,
987,
986,
985,
988,
0,
984,
983,
991,
980,
979,
978,
0,
1006,
1005,
997,
1008,
1003,
1002,
1001,
1004,
0,
1000,
999,
1007,
996,
995,
994,
0,
1022,
1021,
1013,
1024,
1019,
1018,
1017,
1020,
0,
1016,
1015,
1023,
1012,
1011,
1010,
0,
1038,
1037,
1029,
1040,
1035,
1034,
1033,
1036,
0,
1032,
1031,
1039,
1028,
1027,
1026,
0,
1054,
1053,
1045,
1056,
1051,
1050,
1049,
1052,
0,
1048,
1047,
1055,
1044,
1043,
1042,
0,
1070,
1069,
1061,
1072,
1067,
1066,
1065,
1068,
0,
1064,
1063,
1071,
1060,
1059,
1058,
0,
1086,
1085,
1077,
1088,
1083,
1082,
1081,
1084,
0,
1080,
1079,
1087,
1076,
1075,
1074,
0,
1102,
1101,
1093,
1104,
1099,
1098,
1097,
1100,
0,
1096,
1095,
1103,
1092,
1091,
1090,
0,
1118,
1117,
1109,
1120,
1115,
1114,
1113,
1116,
0,
1112,
1111,
1119,
1108,
1107,
1106,
0,
1134,
1133,
1125,
1136,
1131,
1130,
1129,
1132,
0,
1128,
1127,
1135,
1124,
1123,
1122,
0,
1150,
1149,
1141,
1152,
1147,
1146,
1145,
1148,
0,
1144,
1143,
1151,
1140,
1139,
1138,
0,
1166,
1165,
1157,
1168,
1163,
1162,
1161,
1164,
0,
1160,
1159,
1167,
1156,
1155,
1154,
0,
1182,
1181,
1173,
1184,
1179,
1178,
1177,
1180,
0,
1176,
1175,
1183,
1172,
1171,
1170,
0,
1198,
1197,
1189,
1200,
1195,
1194,
1193,
1196,
0,
1192,
1191,
1199,
1188,
1187,
1186,
0,
1214,
1213,
1205,
1216,
1211,
1210,
1209,
1212,
0,
1208,
1207,
1215,
1204,
1203,
1202,
0,
1230,
1229,
1221,
1232,
1227,
1226,
1225,
1228,
0,
1224,
1223,
1231,
1220,
1219,
1218,
0,
1246,
1245,
1237,
1248,
1243,
1242,
1241,
1244,
0,
1240,
1239,
1247,
1236,
1235,
1234,
0,
1262,
1261,
1253,
1264,
1259,
1258,
1257,
1260,
0,
1256,
1255,
1263,
1252,
1251,
1250,
0,
1278,
1277,
1269,
1280,
1275,
1274,
1273,
1276,
0,
1272,
1271,
1279,
1268,
1267,
1266,
0,
1294,
1293,
1285,
1296,
1291,
1290,
1289,
1292,
0,
1288,
1287,
1295,
1284,
1283,
1282,
0,
1310,
1309,
1301,
1312,
1307,
1306,
1305,
1308,
0,
1304,
1303,
1311,
1300,
1299,
1298,
0,
1326,
1325,
1317,
1328,
1323,
1322,
1321,
1324,
0,
1320,
1319,
1327,
1316,
1315,
1314,
0,
1342,
1341,
1333,
1344,
1339,
1338,
1337,
1340,
0,
1336,
1335,
1343,
1332,
1331,
1330,
0,
1358,
1357,
1349,
1360,
1355,
1354,
1353,
1356,
0,
1352,
1351,
1359,
1348,
1347,
1346,
0,
1374,
1373,
1365,
1376,
1371,
1370,
1369,
1372,
0,
1368,
1367,
1375,
1364,
1363,
1362,
0,
1390,
1389,
1381,
1392,
1387,
1386,
1385,
1388,
0,
1384,
1383,
1391,
1380,
1379,
1378,
0,
1406,
1405,
1397,
1408,
1403,
1402,
1401,
1404,
0,
1400,
1399,
1407,
1396,
1395,
1394,
0,
1422,
1421,
1413,
1424,
1419,
1418,
1417,
1420,
0,
1416,
1415,
1423,
1412,
1411,
1410,
0,
1438,
1437,
1429,
1440,
1435,
1434,
1433,
1436,
0,
1432,
1431,
1439,
1428,
1427,
1426,
0,
1454,
1453,
1445,
1456,
1451,
1450,
1449,
1452,
0,
1448,
1447,
1455,
1444,
1443,
1442,
0,
1470,
1469,
1461,
1472,
1467,
1466,
1465,
1468,
0,
1464,
1463,
1471,
1460,
1459,
1458,
0,
1486,
1485,
1477,
1488,
1483,
1482,
1481,
1484,
0,
1480,
1479,
1487,
1476,
1475,
1474,
0,
1502,
1501,
1493,
1504,
1499,
1498,
1497,
1500,
0,
1496,
1495,
1503,
1492,
1491,
1490,
0,
1518,
1517,
1509,
1520,
1515,
1514,
1513,
1516,
0,
1512,
1511,
1519,
1508,
1507,
1506,
0,
1534,
1533,
1525,
1536,
1531,
1530,
1529,
1532,
0,
1528,
1527,
1535,
1524,
1523,
1522,
0,
1550,
1549,
1541,
1552,
1547,
1546,
1545,
1548,
0,
1544,
1543,
1551,
1540,
1539,
1538,
0,
1566,
1565,
1557,
1568,
1563,
1562,
1561,
1564,
0,
1560,
1559,
1567,
1556,
1555,
1554,
0,
1582,
1581,
1573,
1584,
1579,
1578,
1577,
1580,
0,
1576,
1575,
1583,
1572,
1571,
1570,
0,
1598,
1597,
1589,
1600,
1595,
1594,
1593,
1596,
0,
1592,
1591,
1599,
1588,
1587,
1586,
0,
1614,
1613,
1605,
1616,
1611,
1610,
1609,
1612,
0,
1608,
1607,
1615,
1604,
1603,
1602,
0,
1630,
1629,
1621,
1632,
1627,
1626,
1625,
1628,
0,
1624,
1623,
1631,
1620,
1619,
1618,
0,
1646,
1645,
1637,
1648,
1643,
1642,
1641,
1644,
0,
1640,
1639,
1647,
1636,
1635,
1634,
0,
1662,
1661,
1653,
1664,
1659,
1658,
1657,
1660,
0,
1656,
1655,
1663,
1652,
1651,
1650,
0,
1678,
1677,
1669,
1680,
1675,
1674,
1673,
1676,
0,
1672,
1671,
1679,
1668,
1667,
1666,
0,
1694,
1693,
1685,
1696,
1691,
1690,
1689,
1692,
0,
1688,
1687,
1695,
1684,
1683,
1682,
0,
1710,
1709,
1701,
1712,
1707,
1706,
1705,
1708,
0,
1704,
1703,
1711,
1700,
1699,
1698,
0,
1726,
1725,
1717,
1728,
1723,
1722,
1721,
1724,
0,
1720,
1719,
1727,
1716,
1715,
1714,
0,
1742,
1741,
1733,
1744,
1739,
1738,
1737,
1740,
0,
1736,
1735,
1743,
1732,
1731,
1730,
0,
1758,
1757,
1749,
1760,
1755,
1754,
1753,
1756,
0,
1752,
1751,
1759,
1748,
1747,
1746,
0,
1774,
1773,
1765,
1776,
1771,
1770,
1769,
1772,
0,
1768,
1767,
1775,
1764,
1763,
1762,
0,
1790,
1789,
1781,
1792,
1787,
1786,
1785,
1788,
0,
1784,
1783,
1791,
1780,
1779,
1778,
0,
1806,
1805,
1797,
1808,
1803,
1802,
1801,
1804,
0,
1800,
1799,
1807,
1796,
1795,
1794,
0,
1822,
1821,
1813,
1824,
1819,
1818,
1817,
1820,
0,
1816,
1815,
1823,
1812,
1811,
1810,
0,
1838,
1837,
1829,
1840,
1835,
1834,
1833,
1836,
0,
1832,
1831,
1839,
1828,
1827,
1826,
0,
1854,
1853,
1845,
1856,
1851,
1850,
1849,
1852,
0,
1848,
1847,
1855,
1844,
1843,
1842,
0,
1870,
1869,
1861,
1872,
1867,
1866,
1865,
1868,
0,
1864,
1863,
1871,
1860,
1859,
1858,
0,
1886,
1885,
1877,
1888,
1883,
1882,
1881,
1884,
0,
1880,
1879,
1887,
1876,
1875,
1874,
0,
1902,
1901,
1893,
1904,
1899,
1898,
1897,
1900,
0,
1896,
1895,
1903,
1892,
1891,
1890,
0,
1918,
1917,
1909,
1920,
1915,
1914,
1913,
1916,
0,
1912,
1911,
1919,
1908,
1907,
1906,
0,
1934,
1933,
1925,
1936,
1931,
1930,
1929,
1932,
0,
1928,
1927,
1935,
1924,
1923,
1922,
0,
1950,
1949,
1941,
1952,
1947,
1946,
1945,
1948,
0,
1944,
1943,
1951,
1940,
1939,
1938,
0,
1966,
1965,
1957,
1968,
1963,
1962,
1961,
1964,
0,
1960,
1959,
1967,
1956,
1955,
1954,
0,
1982,
1981,
1973,
1984,
1979,
1978,
1977,
1980,
0,
1976,
1975,
1983,
1972,
1971,
1970,
0,
1998,
1997,
1989,
2000,
1995,
1994,
1993,
1996,
0,
1992,
1991,
1999,
1988,
1987,
1986,
0,
2014,
2013,
2005,
2016,
2011,
2010,
2009,
2012,
0,
2008,
2007,
2015,
2004,
2003,
2002,
0,
2030,
2029,
2021,
2032,
2027,
2026,
2025,
2028,
0,
2024,
2023,
2031,
2020,
2019,
2018,
0,
2046,
2045,
2037,
2048,
2043,
2042,
2041,
2044,
0,
2040,
2039,
2047,
2036,
2035,
2034,
0,
2062,
2061,
2053,
2064,
2059,
2058,
2057,
2060,
0,
2056,
2055,
2063,
2052,
2051,
2050,
0,
2078,
2077,
2069,
2080,
2075,
2074,
2073,
2076,
0,
2072,
2071,
2079,
2068,
2067,
2066,
0,
2094,
2093,
2085,
2096,
2091,
2090,
2089,
2092,
0,
2088,
2087,
2095,
2084,
2083,
2082,
0,
2110,
2109,
2101,
2112,
2107,
2106,
2105,
2108,
0,
2104,
2103,
2111,
2100,
2099,
2098,
0,
2126,
2125,
2117,
2128,
2123,
2122,
2121,
2124,
0,
2120,
2119,
2127,
2116,
2115,
2114,
0,
2142,
2141,
2133,
2144,
2139,
2138,
2137,
2140,
0,
2136,
2135,
2143,
2132,
2131,
2130,
0,
2158,
2157,
2149,
2160,
2155,
2154,
2153,
2156,
0,
2152,
2151,
2159,
2148,
2147,
2146,
0,
2174,
2173,
2165,
2176,
2171,
2170,
2169,
2172,
0,
2168,
2167,
2175,
2164,
2163,
2162,
0,
2190,
2189,
2181,
2192,
2187,
2186,
2185,
2188,
0,
2184,
2183,
2191,
2180,
2179,
2178,
0,
2206,
2205,
2197,
2208,
2203,
2202,
2201,
2204,
0,
2200,
2199,
2207,
2196,
2195,
2194,
0,
2222,
2221,
2213,
2224,
2219,
2218,
2217,
2220,
0,
2216,
2215,
2223,
2212,
2211,
2210,
0,
2238,
2237,
2229,
2240,
2235,
2234,
2233,
2236,
0,
2232,
2231,
2239,
2228,
2227,
2226,
0,
2254,
2253,
2245,
2256,
2251,
2250,
2249,
2252,
0,
2248,
2247,
2255,
2244,
2243,
2242,
0,
2270,
2269,
2261,
2272,
2267,
2266,
2265,
2268,
0,
2264,
2263,
2271,
2260,
2259,
2258,
0,
2286,
2285,
2277,
2288,
2283,
2282,
2281,
2284,
0,
2280,
2279,
2287,
2276,
2275,
2274,
0,
2302,
2301,
2293,
2304,
2299,
2298,
2297,
2300,
0,
2296,
2295,
2303,
2292,
2291,
2290,
0,
2318,
2317,
2309,
2320,
2315,
2314,
2313,
2316,
0,
2312,
2311,
2319,
2308,
2307,
2306,
0,
2334,
2333,
2325,
2336,
2331,
2330,
2329,
2332,
0,
2328,
2327,
2335,
2324,
2323,
2322,
0,
2350,
2349,
2341,
2352,
2347,
2346,
2345,
2348,
0,
2344,
2343,
2351,
2340,
2339,
2338,
0,
2366,
2365,
2357,
2368,
2363,
2362,
2361,
2364,
0,
2360,
2359,
2367,
2356,
2355,
2354,
0,
2382,
2381,
2373,
2384,
2379,
2378,
2377,
2380,
0,
2376,
2375,
2383,
2372,
2371,
2370,
0,
2398,
2397,
2389,
2400,
2395,
2394,
2393,
2396,
0,
2392,
2391,
2399,
2388,
2387,
2386,
0,
2414,
2413,
2405,
2416,
2411,
2410,
2409,
2412,
0,
2408,
2407,
2415,
2404,
2403,
2402,
0,
2430,
2429,
2421,
2432,
2427,
2426,
2425,
2428,
0,
2424,
2423,
2431,
2420,
2419,
2418,
0,
2446,
2445,
2437,
2448,
2443,
2442,
2441,
2444,
0,
2440,
2439,
2447,
2436,
2435,
2434,
0,
2462,
2461,
2453,
2464,
2459,
2458,
2457,
2460,
0,
2456,
2455,
2463,
2452,
2451,
2450,
0,
2478,
2477,
2469,
2480,
2475,
2474,
2473,
2476,
0,
2472,
2471,
2479,
2468,
2467,
2466,
0,
2494,
2493,
2485,
2496,
2491,
2490,
2489,
2492,
0,
2488,
2487,
2495,
2484,
2483,
2482,
0,
2510,
2509,
2501,
2512,
2507,
2506,
2505,
2508,
0,
2504,
2503,
2511,
2500,
2499,
2498,
0,
2526,
2525,
2517,
2528,
2523,
2522,
2521,
2524,
0,
2520,
2519,
2527,
2516,
2515,
2514,
0,
2542,
2541,
2533,
2544,
2539,
2538,
2537,
2540,
0,
2536,
2535,
2543,
2532,
2531,
2530,
0,
2558,
2557,
2549,
2560,
2555,
2554,
2553,
2556,
0,
2552,
2551,
2559,
2548,
2547,
2546,
0,
2574,
2573,
2565,
2576,
2571,
2570,
2569,
2572,
0,
2568,
2567,
2575,
2564,
2563,
2562,
0,
2590,
2589,
2581,
2592,
2587,
2586,
2585,
2588,
0,
2584,
2583,
2591,
2580,
2579,
2578,
0,
2606,
2605,
2597,
2608,
2603,
2602,
2601,
2604,
0,
2600,
2599,
2607,
2596,
2595,
2594,
0,
2622,
2621,
2613,
2624,
2619,
2618,
2617,
2620,
0,
2616,
2615,
2623,
2612,
2611,
2610,
0,
2638,
2637,
2629,
2640,
2635,
2634,
2633,
2636,
0,
2632,
2631,
2639,
2628,
2627,
2626,
0,
2654,
2653,
2645,
2656,
2651,
2650,
2649,
2652,
0,
2648,
2647,
2655,
2644,
2643,
2642,
0,
2670,
2669,
2661,
2672,
2667,
2666,
2665,
2668,
0,
2664,
2663,
2671,
2660,
2659,
2658,
0,
2686,
2685,
2677,
2688,
2683,
2682,
2681,
2684,
0,
2680,
2679,
2687,
2676,
2675,
2674,
0,
2702,
2701,
2693,
2704,
2699,
2698,
2697,
2700,
0,
2696,
2695,
2703,
2692,
2691,
2690,
0,
2718,
2717,
2709,
2720,
2715,
2714,
2713,
2716,
0,
2712,
2711,
2719,
2708,
2707,
2706,
0,
2734,
2733,
2725,
2736,
2731,
2730,
2729,
2732,
0,
2728,
2727,
2735,
2724,
2723,
2722,
0,
2750,
2749,
2741,
2752,
2747,
2746,
2745,
2748,
0,
2744,
2743,
2751,
2740,
2739,
2738,
0,
2766,
2765,
2757,
2768,
2763,
2762,
2761,
2764,
0,
2760,
2759,
2767,
2756,
2755,
2754,
0,
2782,
2781,
2773,
2784,
2779,
2778,
2777,
2780,
0,
2776,
2775,
2783,
2772,
2771,
2770,
0,
2798,
2797,
2789,
2800,
2795,
2794,
2793,
2796,
0,
2792,
2791,
2799,
2788,
2787,
2786,
0,
2814,
2813,
2805,
2816,
2811,
2810,
2809,
2812,
0,
2808,
2807,
2815,
2804,
2803,
2802,
0,
2830,
2829,
2821,
2832,
2827,
2826,
2825,
2828,
0,
2824,
2823,
2831,
2820,
2819,
2818,
0,
2846,
2845,
2837,
2848,
2843,
2842,
2841,
2844,
0,
2840,
2839,
2847,
2836,
2835,
2834,
0,
2862,
2861,
2853,
2864,
2859,
2858,
2857,
2860,
0,
2856,
2855,
2863,
2852,
2851,
2850,
0,
2878,
2877,
2869,
2880,
2875,
2874,
2873,
2876,
0,
2872,
2871,
2879,
2868,
2867,
2866,
0,
2894,
2893,
2885,
2896,
2891,
2890,
2889,
2892,
0,
2888,
2887,
2895,
2884,
2883,
2882,
0,
2910,
2909,
2901,
2912,
2907,
2906,
2905,
2908,
0,
2904,
2903,
2911,
2900,
2899,
2898,
0,
2926,
2925,
2917,
2928,
2923,
2922,
2921,
2924,
0,
2920,
2919,
2927,
2916,
2915,
2914,
0,
2942,
2941,
2933,
2944,
2939,
2938,
2937,
2940,
0,
2936,
2935,
2943,
2932,
2931,
2930,
0,
2958,
2957,
2949,
2960,
2955,
2954,
2953,
2956,
0,
2952,
2951,
2959,
2948,
2947,
2946,
0,
2974,
2973,
2965,
2976,
2971,
2970,
2969,
2972,
0,
2968,
2967,
2975,
2964,
2963,
2962,
0,
2990,
2989,
2981,
2992,
2987,
2986,
2985,
2988,
0,
2984,
2983,
2991,
2980,
2979,
2978,
0,
3006,
3005,
2997,
3008,
3003,
3002,
3001,
3004,
0,
3000,
2999,
3007,
2996,
2995,
2994,
0,
3022,
3021,
3013,
3024,
3019,
3018,
3017,
3020,
0,
3016,
3015,
3023,
3012,
3011,
3010,
0,
3038,
3037,
3029,
3040,
3035,
3034,
3033,
3036,
0,
3032,
3031,
3039,
3028,
3027,
3026,
0,
3054,
3053,
3045,
3056,
3051,
3050,
3049,
3052,
0,
3048,
3047,
3055,
3044,
3043,
3042,
0,
3070,
3069,
3061,
3072,
3067,
3066,
3065,
3068,
0,
3064,
3063,
3071,
3060,
3059,
3058,
0,
3086,
3085,
3077,
3088,
3083,
3082,
3081,
3084,
0,
3080,
3079,
3087,
3076,
3075,
3074,
0,
3102,
3101,
3093,
3104,
3099,
3098,
3097,
3100,
0,
3096,
3095,
3103,
3092,
3091,
3090,
0,
3118,
3117,
3109,
3120,
3115,
3114,
3113,
3116,
0,
3112,
3111,
3119,
3108,
3107,
3106,
0,
3134,
3133,
3125,
3136,
3131,
3130,
3129,
3132,
0,
3128,
3127,
3135,
3124,
3123,
3122,
0,
3150,
3149,
3141,
3152,
3147,
3146,
3145,
3148,
0,
3144,
3143,
3151,
3140,
3139,
3138,
0,
3166,
3165,
3157,
3168,
3163,
3162,
3161,
3164,
0,
3160,
3159,
3167,
3156,
3155,
3154,
0,
3182,
3181,
3173,
3184,
3179,
3178,
3177,
3180,
0,
3176,
3175,
3183,
3172,
3171,
3170,
0,
3198,
3197,
3189,
3200,
3195,
3194,
3193,
3196,
0,
3192,
3191,
3199,
3188,
3187,
3186,
0,
3214,
3213,
3205,
3216,
3211,
3210,
3209,
3212,
0,
3208,
3207,
3215,
3204,
3203,
3202,
0,
3230,
3229,
3221,
3232,
3227,
3226,
3225,
3228,
0,
3224,
3223,
3231,
3220,
3219,
3218,
0,
3246,
3245,
3237,
3248,
3243,
3242,
3241,
3244,
0,
3240,
3239,
3247,
3236,
3235,
3234,
0,
3262,
3261,
3253,
3264,
3259,
3258,
3257,
3260,
0,
3256,
3255,
3263,
3252,
3251,
3250,
0,
3278,
3277,
3269,
3280,
3275,
3274,
3273,
3276,
0,
3272,
3271,
3279,
3268,
3267,
3266,
0,
3294,
3293,
3285,
3296,
3291,
3290,
3289,
3292,
0,
3288,
3287,
3295,
3284,
3283,
3282,
0,
3310,
3309,
3301,
3312,
3307,
3306,
3305,
3308,
0,
3304,
3303,
3311,
3300,
3299,
3298,
0,
3326,
3325,
3317,
3328,
3323,
3322,
3321,
3324,
0,
3320,
3319,
3327,
3316,
3315,
3314,
0,
3342,
3341,
3333,
3344,
3339,
3338,
3337,
3340,
0,
3336,
3335,
3343,
3332,
3331,
3330,
0,
3358,
3357,
3349,
3360,
3355,
3354,
3353,
3356,
0,
3352,
3351,
3359,
3348,
3347,
3346,
0,
3374,
3373,
3365,
3376,
3371,
3370,
3369,
3372,
0,
3368,
3367,
3375,
3364,
3363,
3362,
0,
3390,
3389,
3381,
3392,
3387,
3386,
3385,
3388,
0,
3384,
3383,
3391,
3380,
3379,
3378,
0,
3406,
3405,
3397,
3408,
3403,
3402,
3401,
3404,
0,
3400,
3399,
3407,
3396,
3395,
3394,
0,
3422,
3421,
3413,
3424,
3419,
3418,
3417,
3420,
0,
3416,
3415,
3423,
3412,
3411,
3410,
0,
3438,
3437,
3429,
3440,
3435,
3434,
3433,
3436,
0,
3432,
3431,
3439,
3428,
3427,
3426,
0,
3454,
3453,
3445,
3456,
3451,
3450,
3449,
3452,
0,
3448,
3447,
3455,
3444,
3443,
3442,
0,
3470,
3469,
3461,
3472,
3467,
3466,
3465,
3468,
0,
3464,
3463,
3471,
3460,
3459,
3458,
0,
3486,
3485,
3477,
3488,
3483,
3482,
3481,
3484,
0,
3480,
3479,
3487,
3476,
3475,
3474,
0,
3502,
3501,
3493,
3504,
3499,
3498,
3497,
3500,
0,
3496,
3495,
3503,
3492,
3491,
3490,
0,
3518,
3517,
3509,
3520,
3515,
3514,
3513,
3516,
0,
3512,
3511,
3519,
3508,
3507,
3506,
0,
3534,
3533,
3525,
3536,
3531,
3530,
3529,
3532,
0,
3528,
3527,
3535,
3524,
3523,
3522,
0,
3550,
3549,
3541,
3552,
3547,
3546,
3545,
3548,
0,
3544,
3543,
3551,
3540,
3539,
3538,
0,
3566,
3565,
3557,
3568,
3563,
3562,
3561,
3564,
0,
3560,
3559,
3567,
3556,
3555,
3554,
0,
3582,
3581,
3573,
3584,
3579,
3578,
3577,
3580,
0,
3576,
3575,
3583,
3572,
3571,
3570,
0,
3598,
3597,
3589,
3600,
3595,
3594,
3593,
3596,
0,
3592,
3591,
3599,
3588,
3587,
3586,
0,
3614,
3613,
3605,
3616,
3611,
3610,
3609,
3612,
0,
3608,
3607,
3615,
3604,
3603,
3602,
0,
3630,
3629,
3621,
3632,
3627,
3626,
3625,
3628,
0,
3624,
3623,
3631,
3620,
3619,
3618,
0,
3646,
3645,
3637,
3648,
3643,
3642,
3641,
3644,
0,
3640,
3639,
3647,
3636,
3635,
3634,
0,
3662,
3661,
3653,
3664,
3659,
3658,
3657,
3660,
0,
3656,
3655,
3663,
3652,
3651,
3650,
0,
3678,
3677,
3669,
3680,
3675,
3674,
3673,
3676,
0,
3672,
3671,
3679,
3668,
3667,
3666,
0,
3694,
3693,
3685,
3696,
3691,
3690,
3689,
3692,
0,
3688,
3687,
3695,
3684,
3683,
3682,
0,
3710,
3709,
3701,
3712,
3707,
3706,
3705,
3708,
0,
3704,
3703,
3711,
3700,
3699,
3698,
0,
3726,
3725,
3717,
3728,
3723,
3722,
3721,
3724,
0,
3720,
3719,
3727,
3716,
3715,
3714,
0,
3742,
3741,
3733,
3744,
3739,
3738,
3737,
3740,
0,
3736,
3735,
3743,
3732,
3731,
3730,
0,
3758,
3757,
3749,
3760,
3755,
3754,
3753,
3756,
0,
3752,
3751,
3759,
3748,
3747,
3746,
0,
3774,
3773,
3765,
3776,
3771,
3770,
3769,
3772,
0,
3768,
3767,
3775,
3764,
3763,
3762,
0,
3790,
3789,
3781,
3792,
3787,
3786,
3785,
3788,
0,
3784,
3783,
3791,
3780,
3779,
3778,
0,
3806,
3805,
3797,
3808,
3803,
3802,
3801,
3804,
0,
3800,
3799,
3807,
3796,
3795,
3794,
0,
3822,
3821,
3813,
3824,
3819,
3818,
3817,
3820,
0,
3816,
3815,
3823,
3812,
3811,
3810,
0,
3838,
3837,
3829,
3840,
3835,
3834,
3833,
3836,
0,
3832,
3831,
3839,
3828,
3827,
3826,
0,
3854,
3853,
3845,
3856,
3851,
3850,
3849,
3852,
0,
3848,
3847,
3855,
3844,
3843,
3842,
0,
3870,
3869,
3861,
3872,
3867,
3866,
3865,
3868,
0,
3864,
3863,
3871,
3860,
3859,
3858,
0,
3886,
3885,
3877,
3888,
3883,
3882,
3881,
3884,
0,
3880,
3879,
3887,
3876,
3875,
3874,
0,
3902,
3901,
3893,
3904,
3899,
3898,
3897,
3900,
0,
3896,
3895,
3903,
3892,
3891,
3890,
0,
3918,
3917,
3909,
3920,
3915,
3914,
3913,
3916,
0,
3912,
3911,
3919,
3908,
3907,
3906,
0,
3934,
3933,
3925,
3936,
3931,
3930,
3929,
3932,
0,
3928,
3927,
3935,
3924,
3923,
3922,
0,
3950,
3949,
3941,
3952,
3947,
3946,
3945,
3948,
0,
3944,
3943,
3951,
3940,
3939,
3938,
0,
3966,
3965,
3957,
3968,
3963,
3962,
3961,
3964,
0,
3960,
3959,
3967,
3956,
3955,
3954,
0,
3982,
3981,
3973,
3984,
3979,
3978,
3977,
3980,
0,
3976,
3975,
3983,
3972,
3971,
3970,
0,
3998,
3997,
3989,
4000,
3995,
3994,
3993,
3996,
0,
3992,
3991,
3999,
3988,
3987,
3986,
0,
4014,
4013,
4005,
4016,
4011,
4010,
4009,
4012,
0,
4008,
4007,
4015,
4004,
4003,
4002,
0,
4030,
4029,
4021,
4032,
4027,
4026,
4025,
4028,
0,
4024,
4023,
4031,
4020,
4019,
4018,
0,
4046,
4045,
4037,
4048,
4043,
4042,
4041,
4044,
0,
4040,
4039,
4047,
4036,
4035,
4034,
0,
4062,
4061,
4053,
4064,
4059,
4058,
4057,
4060,
0,
4056,
4055,
4063,
4052,
4051,
4050,
0,
4078,
4077,
4069,
4080,
4075,
4074,
4073,
4076,
0,
4072,
4071,
4079,
4068,
4067,
4066,
0,
4094,
4093,
4085,
4096,
4091,
4090,
4089,
4092,
0,
4088,
4087,
4095,
4084,
4083,
4082,
0,
4110,
4109,
4101,
4112,
4107,
4106,
4105,
4108,
0,
4104,
4103,
4111,
4100,
4099,
4098,
0,
4126,
4125,
4117,
4128,
4123,
4122,
4121,
4124,
0,
4120,
4119,
4127,
4116,
4115,
4114,
0,
4142,
4141,
4133,
4144,
4139,
4138,
4137,
4140,
0,
4136,
4135,
4143,
4132,
4131,
4130,
0,
4158,
4157,
4149,
4160,
4155,
4154,
4153,
4156,
0,
4152,
4151,
4159,
4148,
4147,
4146,
0,
4174,
4173,
4165,
4176,
4171,
4170,
4169,
4172,
0,
4168,
4167,
4175,
4164,
4163,
4162,
0,
4190,
4189,
4181,
4192,
4187,
4186,
4185,
4188,
0,
4184,
4183,
4191,
4180,
4179,
4178,
0,
4206,
4205,
4197,
4208,
4203,
4202,
4201,
4204,
0,
4200,
4199,
4207,
4196,
4195,
4194,
0,
4222,
4221,
4213,
4224,
4219,
4218,
4217,
4220,
0,
4216,
4215,
4223,
4212,
4211,
4210,
0,
4238,
4237,
4229,
4240,
4235,
4234,
4233,
4236,
0,
4232,
4231,
4239,
4228,
4227,
4226,
0,
4254,
4253,
4245,
4256,
4251,
4250,
4249,
4252,
0,
4248,
4247,
4255,
4244,
4243,
4242,
0,
4270,
4269,
4261,
4272,
4267,
4266,
4265,
4268,
0,
4264,
4263,
4271,
4260,
4259,
4258,
0,
4286,
4285,
4277,
4288,
4283,
4282,
4281,
4284,
0,
4280,
4279,
4287,
4276,
4275,
4274,
0,
4302,
4301,
4293,
4304,
4299,
4298,
4297,
4300,
0,
4296,
4295,
4303,
4292,
4291,
4290,
0,
4318,
4317,
4309,
4320,
4315,
4314,
4313,
4316,
0,
4312,
4311,
4319,
4308,
4307,
4306,
0,
4334,
4333,
4325,
4336,
4331,
4330,
4329,
4332,
0,
4328,
4327,
4335,
4324,
4323,
4322,
0,
4350,
4349,
4341,
4352,
4347,
4346,
4345,
4348,
0,
4344,
4343,
4351,
4340,
4339,
4338,
0,
4366,
4365,
4357,
4368,
4363,
4362,
4361,
4364,
0,
4360,
4359,
4367,
4356,
4355,
4354,
0,
4382,
4381,
4373,
4384,
4379,
4378,
4377,
4380,
0,
4376,
4375,
4383,
4372,
4371,
4370,
0,
4398,
4397,
4389,
4400,
4395,
4394,
4393,
4396,
0,
4392,
4391,
4399,
4388,
4387,
4386,
0,
4414,
4413,
4405,
4416,
4411,
4410,
4409,
4412,
0,
4408,
4407,
4415,
4404,
4403,
4402,
0,
4430,
4429,
4421,
4432,
4427,
4426,
4425,
4428,
0,
4424,
4423,
4431,
4420,
4419,
4418,
0,
4446,
4445,
4437,
4448,
4443,
4442,
4441,
4444,
0,
4440,
4439,
4447,
4436,
4435,
4434,
0,
4462,
4461,
4453,
4464,
4459,
4458,
4457,
4460,
0,
4456,
4455,
4463,
4452,
4451,
4450,
0,
4478,
4477,
4469,
4480,
4475,
4474,
4473,
4476,
0,
4472,
4471,
4479,
4468,
4467,
4466,
0,
4494,
4493,
4485,
4496,
4491,
4490,
4489,
4492,
0,
4488,
4487,
4495,
4484,
4483,
4482,
0,
4510,
4509,
4501,
4512,
4507,
4506,
4505,
4508,
0,
4504,
4503,
4511,
4500,
4499,
4498,
0,
4526,
4525,
4517,
4528,
4523,
4522,
4521,
4524,
0,
4520,
4519,
4527,
4516,
4515,
4514,
0,
4542,
4541,
4533,
4544,
4539,
4538,
4537,
4540,
0,
4536,
4535,
4543,
4532,
4531,
4530,
0,
4558,
4557,
4549,
4560,
4555,
4554,
4553,
4556,
0,
4552,
4551,
4559,
4548,
4547,
4546,
0,
4574,
4573,
4565,
4576,
4571,
4570,
4569,
4572,
0,
4568,
4567,
4575,
4564,
4563,
4562,
0,
4590,
4589,
4581,
4592,
4587,
4586,
4585,
4588,
0,
4584,
4583,
4591,
4580,
4579,
4578,
0,
4606,
4605,
4597,
4608,
4603,
4602,
4601,
4604,
0,
4600,
4599,
4607,
4596,
4595,
4594,
0,
4622,
4621,
4613,
4624,
4619,
4618,
4617,
4620,
0,
4616,
4615,
4623,
4612,
4611,
4610,
0,
4638,
4637,
4629,
4640,
4635,
4634,
4633,
4636,
0,
4632,
4631,
4639,
4628,
4627,
4626,
0,
4654,
4653,
4645,
4656,
4651,
4650,
4649,
4652,
0,
4648,
4647,
4655,
4644,
4643,
4642,
0,
4670,
4669,
4661,
4672,
4667,
4666,
4665,
4668,
0,
4664,
4663,
4671,
4660,
4659,
4658,
0,
4686,
4685,
4677,
4688,
4683,
4682,
4681,
4684,
0,
4680,
4679,
4687,
4676,
4675,
4674,
0,
4702,
4701,
4693,
4704,
4699,
4698,
4697,
4700,
0,
4696,
4695,
4703,
4692,
4691,
4690,
0,
4718,
4717,
4709,
4720,
4715,
4714,
4713,
4716,
0,
4712,
4711,
4719,
4708,
4707,
4706,
0,
4734,
4733,
4725,
4736,
4731,
4730,
4729,
4732,
0,
4728,
4727,
4735,
4724,
4723,
4722,
0,
4750,
4749,
4741,
4752,
4747,
4746,
4745,
4748,
0,
4744,
4743,
4751,
4740,
4739,
4738,
0,
4766,
4765,
4757,
4768,
4763,
4762,
4761,
4764,
0,
4760,
4759,
4767,
4756,
4755,
4754,
0,
4782,
4781,
4773,
4784,
4779,
4778,
4777,
4780,
0,
4776,
4775,
4783,
4772,
4771,
4770,
0,
4798,
4797,
4789,
4800,
4795,
4794,
4793,
4796,
0,
4792,
4791,
4799,
4788,
4787,
4786,
0,
4814,
4813,
4805,
4816,
4811,
4810,
4809,
4812,
0,
4808,
4807,
4815,
4804,
4803,
4802,
0,
4830,
4829,
4821,
4832,
4827,
4826,
4825,
4828,
0,
4824,
4823,
4831,
4820,
4819,
4818,
0,
4846,
4845,
4837,
4848,
4843,
4842,
4841,
4844,
0,
4840,
4839,
4847,
4836,
4835,
4834,
0,
4862,
4861,
4853,
4864,
4859,
4858,
4857,
4860,
0,
4856,
4855,
4863,
4852,
4851,
4850,
0,
4878,
4877,
4869,
4880,
4875,
4874,
4873,
4876,
0,
4872,
4871,
4879,
4868,
4867,
4866,
0,
4894,
4893,
4885,
4896,
4891,
4890,
4889,
4892,
0,
4888,
4887,
4895,
4884,
4883,
4882,
0,
4910,
4909,
4901,
4912,
4907,
4906,
4905,
4908,
0,
4904,
4903,
4911,
4900,
4899,
4898,
0,
4926,
4925,
4917,
4928,
4923,
4922,
4921,
4924,
0,
4920,
4919,
4927,
4916,
4915,
4914,
0,
4942,
4941,
4933,
4944,
4939,
4938,
4937,
4940,
0,
4936,
4935,
4943,
4932,
4931,
4930,
0,
4958,
4957,
4949,
4960,
4955,
4954,
4953,
4956,
0,
4952,
4951,
4959,
4948,
4947,
4946,
0,
4974,
4973,
4965,
4976,
4971,
4970,
4969,
4972,
0,
4968,
4967,
4975,
4964,
4963,
4962,
0,
4990,
4989,
4981,
4992,
4987,
4986,
4985,
4988,
0,
4984,
4983,
4991,
4980,
4979,
4978,
0,
5006,
5005,
4997,
5008,
5003,
5002,
5001,
5004,
0,
5000,
4999,
5007,
4996,
4995,
4994,
0,
5022,
5021,
5013,
5024,
5019,
5018,
5017,
5020,
0,
5016,
5015,
5023,
5012,
5011,
5010,
0,
5038,
5037,
5029,
5040,
5035,
5034,
5033,
5036,
0,
5032,
5031,
5039,
5028,
5027,
5026,
0,
5054,
5053,
5045,
5056,
5051,
5050,
5049,
5052,
0,
5048,
5047,
5055,
5044,
5043,
5042,
0,
5070,
5069,
5061,
5072,
5067,
5066,
5065,
5068,
0,
5064,
5063,
5071,
5060,
5059,
5058,
0,
5086,
5085,
5077,
5088,
5083,
5082,
5081,
5084,
0,
5080,
5079,
5087,
5076,
5075,
5074,
0,
5102,
5101,
5093,
5104,
5099,
5098,
5097,
5100,
0,
5096,
5095,
5103,
5092,
5091,
5090,
0,
5118,
5117,
5109,
5120,
5115,
5114,
5113,
5116,
0,
5112,
5111,
5119,
5108,
5107,
5106,
0,
5134,
5133,
5125,
5136,
5131,
5130,
5129,
5132,
0,
5128,
5127,
5135,
5124,
5123,
5122,
0,
5150,
5149,
5141,
5152,
5147,
5146,
5145,
5148,
0,
5144,
5143,
5151,
5140,
5139,
5138,
0,
5166,
5165,
5157,
5168,
5163,
5162,
5161,
5164,
0,
5160,
5159,
5167,
5156,
5155,
5154,
0,
5182,
5181,
5173,
5184,
5179,
5178,
5177,
5180,
0,
5176,
5175,
5183,
5172,
5171,
5170,
0,
5198,
5197,
5189,
5200,
5195,
5194,
5193,
5196,
0,
5192,
5191,
5199,
5188,
5187,
5186,
0,
5214,
5213,
5205,
5216,
5211,
5210,
5209,
5212,
0,
5208,
5207,
5215,
5204,
5203,
5202,
0,
5230,
5229,
5221,
5232,
5227,
5226,
5225,
5228,
0,
5224,
5223,
5231,
5220,
5219,
5218,
0,
5246,
5245,
5237,
5248,
5243,
5242,
5241,
5244,
0,
5240,
5239,
5247,
5236,
5235,
5234,
0,
5262,
5261,
5253,
5264,
5259,
5258,
5257,
5260,
0,
5256,
5255,
5263,
5252,
5251,
5250,
0,
5278,
5277,
5269,
5280,
5275,
5274,
5273,
5276,
0,
5272,
5271,
5279,
5268,
5267,
5266,
0,
5294,
5293,
5285,
5296,
5291,
5290,
5289,
5292,
0,
5288,
5287,
5295,
5284,
5283,
5282,
0,
5310,
5309,
5301,
5312,
5307,
5306,
5305,
5308,
0,
5304,
5303,
5311,
5300,
5299,
5298,
0,
5326,
5325,
5317,
5328,
5323,
5322,
5321,
5324,
0,
5320,
5319,
5327,
5316,
5315,
5314,
0,
5342,
5341,
5333,
5344,
5339,
5338,
5337,
5340,
0,
5336,
5335,
5343,
5332,
5331,
5330,
0,
5358,
5357,
5349,
5360,
5355,
5354,
5353,
5356,
0,
5352,
5351,
5359,
5348,
5347,
5346,
0,
5374,
5373,
5365,
5376,
5371,
5370,
5369,
5372,
0,
5368,
5367,
5375,
5364,
5363,
5362,
0,
5390,
5389,
5381,
5392,
5387,
5386,
5385,
5388,
0,
5384,
5383,
5391,
5380,
5379,
5378,
0,
5406,
5405,
5397,
5408,
5403,
5402,
5401,
5404,
0,
5400,
5399,
5407,
5396,
5395,
5394,
0,
5422,
5421,
5413,
5424,
5419,
5418,
5417,
5420,
0,
5416,
5415,
5423,
5412,
5411,
5410,
0,
5438,
5437,
5429,
5440,
5435,
5434,
5433,
5436,
0,
5432,
5431,
5439,
5428,
5427,
5426,
0,
5454,
5453,
5445,
5456,
5451,
5450,
5449,
5452,
0,
5448,
5447,
5455,
5444,
5443,
5442,
0,
5470,
5469,
5461,
5472,
5467,
5466,
5465,
5468,
0,
5464,
5463,
5471,
5460,
5459,
5458,
0,
5486,
5485,
5477,
5488,
5483,
5482,
5481,
5484,
0,
5480,
5479,
5487,
5476,
5475,
5474,
0,
5502,
5501,
5493,
5504,
5499,
5498,
5497,
5500,
0,
5496,
5495,
5503,
5492,
5491,
5490,
0,
5518,
5517,
5509,
5520,
5515,
5514,
5513,
5516,
0,
5512,
5511,
5519,
5508,
5507,
5506,
0,
5534,
5533,
5525,
5536,
5531,
5530,
5529,
5532,
0,
5528,
5527,
5535,
5524,
5523,
5522,
0,
5550,
5549,
5541,
5552,
5547,
5546,
5545,
5548,
0,
5544,
5543,
5551,
5540,
5539,
5538,
0,
5566,
5565,
5557,
5568,
5563,
5562,
5561,
5564,
0,
5560,
5559,
5567,
5556,
5555,
5554,
0,
5582,
5581,
5573,
5584,
5579,
5578,
5577,
5580,
0,
5576,
5575,
5583,
5572,
5571,
5570,
0,
5598,
5597,
5589,
5600,
5595,
5594,
5593,
5596,
0,
5592,
5591,
5599,
5588,
5587,
5586,
0,
5614,
5613,
5605,
5616,
5611,
5610,
5609,
5612,
0,
5608,
5607,
5615,
5604,
5603,
5602,
0,
5630,
5629,
5621,
5632,
5627,
5626,
5625,
5628,
0,
5624,
5623,
5631,
5620,
5619,
5618,
0,
5646,
5645,
5637,
5648,
5643,
5642,
5641,
5644,
0,
5640,
5639,
5647,
5636,
5635,
5634,
0,
5662,
5661,
5653,
5664,
5659,
5658,
5657,
5660,
0,
5656,
5655,
5663,
5652,
5651,
5650,
0,
5678,
5677,
5669,
5680,
5675,
5674,
5673,
5676,
0,
5672,
5671,
5679,
5668,
5667,
5666,
0,
5694,
5693,
5685,
5696,
5691,
5690,
5689,
5692,
0,
5688,
5687,
5695,
5684,
5683,
5682,
0,
5710,
5709,
5701,
5712,
5707,
5706,
5705,
5708,
0,
5704,
5703,
5711,
5700,
5699,
5698,
0,
5726,
5725,
5717,
5728,
5723,
5722,
5721,
5724,
0,
5720,
5719,
5727,
5716,
5715,
5714,
0,
5742,
5741,
5733,
5744,
5739,
5738,
5737,
5740,
0,
5736,
5735,
5743,
5732,
5731,
5730,
0,
5758,
5757,
5749,
5760,
5755,
5754,
5753,
5756,
0,
5752,
5751,
5759,
5748,
5747,
5746,
0,
5774,
5773,
5765,
5776,
5771,
5770,
5769,
5772,
0,
5768,
5767,
5775,
5764,
5763,
5762,
0,
5790,
5789,
5781,
5792,
5787,
5786,
5785,
5788,
0,
5784,
5783,
5791,
5780,
5779,
5778,
0,
5806,
5805,
5797,
5808,
5803,
5802,
5801,
5804,
0,
5800,
5799,
5807,
5796,
5795,
5794,
0,
5822,
5821,
5813,
5824,
5819,
5818,
5817,
5820,
0,
5816,
5815,
5823,
5812,
5811,
5810,
0,
5838,
5837,
5829,
5840,
5835,
5834,
5833,
5836,
0,
5832,
5831,
5839,
5828,
5827,
5826,
0,
5854,
5853,
5845,
5856,
5851,
5850,
5849,
5852,
0,
5848,
5847,
5855,
5844,
5843,
5842,
0,
5870,
5869,
5861,
5872,
5867,
5866,
5865,
5868,
0,
5864,
5863,
5871,
5860,
5859,
5858,
0,
5886,
5885,
5877,
5888,
5883,
5882,
5881,
5884,
0,
5880,
5879,
5887,
5876,
5875,
5874,
0,
5902,
5901,
5893,
5904,
5899,
5898,
5897,
5900,
0,
5896,
5895,
5903,
5892,
5891,
5890,
0,
5918,
5917,
5909,
5920,
5915,
5914,
5913,
5916,
0,
5912,
5911,
5919,
5908,
5907,
5906,
0,
5934,
5933,
5925,
5936,
5931,
5930,
5929,
5932,
0,
5928,
5927,
5935,
5924,
5923,
5922,
0,
5950,
5949,
5941,
5952,
5947,
5946,
5945,
5948,
0,
5944,
5943,
5951,
5940,
5939,
5938,
0,
5966,
5965,
5957,
5968,
5963,
5962,
5961,
5964,
0,
5960,
5959,
5967,
5956,
5955,
5954,
0,
5982,
5981,
5973,
5984,
5979,
5978,
5977,
5980,
0,
5976,
5975,
5983,
5972,
5971,
5970,
0,
5998,
5997,
5989,
6000,
5995,
5994,
5993,
5996,
0,
5992,
5991,
5999,
5988,
5987,
5986,
0,
6014,
6013,
6005,
6016,
6011,
6010,
6009,
6012,
0,
6008,
6007,
6015,
6004,
6003,
6002,
0,
6030,
6029,
6021,
6032,
6027,
6026,
6025,
6028,
0,
6024,
6023,
6031,
6020,
6019,
6018,
0,
6046,
6045,
6037,
6048,
6043,
6042,
6041,
6044,
0,
6040,
6039,
6047,
6036,
6035,
6034,
0,
6062,
6061,
6053,
6064,
6059,
6058,
6057,
6060,
0,
6056,
6055,
6063,
6052,
6051,
6050,
0,
6078,
6077,
6069,
6080,
6075,
6074,
6073,
6076,
0,
6072,
6071,
6079,
6068,
6067,
6066,
0,
6094,
6093,
6085,
6096,
6091,
6090,
6089,
6092,
0,
6088,
6087,
6095,
6084,
6083,
6082,
0,
6110,
6109,
6101,
6112,
6107,
6106,
6105,
6108,
0,
6104,
6103,
6111,
6100,
6099,
6098,
0,
6126,
6125,
6117,
6128,
6123,
6122,
6121,
6124,
0,
6120,
6119,
6127,
6116,
6115,
6114,
0,
6142,
6141,
6133,
6144,
6139,
6138,
6137,
6140,
0,
6136,
6135,
6143,
6132,
6131,
6130,
0,
6158,
6157,
6149,
6160,
6155,
6154,
6153,
6156,
0,
6152,
6151,
6159,
6148,
6147,
6146,
0,
6174,
6173,
6165,
6176,
6171,
6170,
6169,
6172,
0,
6168,
6167,
6175,
6164,
6163,
6162,
0,
6190,
6189,
6181,
6192,
6187,
6186,
6185,
6188,
0,
6184,
6183,
6191,
6180,
6179,
6178,
0,
6206,
6205,
6197,
6208,
6203,
6202,
6201,
6204,
0,
6200,
6199,
6207,
6196,
6195,
6194,
0,
6222,
6221,
6213,
6224,
6219,
6218,
6217,
6220,
0,
6216,
6215,
6223,
6212,
6211,
6210,
0,
6238,
6237,
6229,
6240,
6235,
6234,
6233,
6236,
0,
6232,
6231,
6239,
6228,
6227,
6226,
0,
6254,
6253,
6245,
6256,
6251,
6250,
6249,
6252,
0,
6248,
6247,
6255,
6244,
6243,
6242,
0,
6270,
6269,
6261,
6272,
6267,
6266,
6265,
6268,
0,
6264,
6263,
6271,
6260,
6259,
6258,
0,
6286,
6285,
6277,
6288,
6283,
6282,
6281,
6284,
0,
6280,
6279,
6287,
6276,
6275,
6274,
0,
6302,
6301,
6293,
6304,
6299,
6298,
6297,
6300,
0,
6296,
6295,
6303,
6292,
6291,
6290,
0,
6318,
6317,
6309,
6320,
6315,
6314,
6313,
6316,
0,
6312,
6311,
6319,
6308,
6307,
6306,
0,
6334,
6333,
6325,
6336,
6331,
6330,
6329,
6332,
0,
6328,
6327,
6335,
6324,
6323,
6322,
0,
6350,
6349,
6341,
6352,
6347,
6346,
6345,
6348,
0,
6344,
6343,
6351,
6340,
6339,
6338,
0,
6366,
6365,
6357,
6368,
6363,
6362,
6361,
6364,
0,
6360,
6359,
6367,
6356,
6355,
6354,
0,
6382,
6381,
6373,
6384,
6379,
6378,
6377,
6380,
0,
6376,
6375,
6383,
6372,
6371,
6370,
0,
6398,
6397,
6389,
6400,
6395,
6394,
6393,
6396,
0,
6392,
6391,
6399,
6388,
6387,
6386,
0,
6414,
6413,
6405,
6416,
6411,
6410,
6409,
6412,
0,
6408,
6407,
6415,
6404,
6403,
6402,
0,
6430,
6429,
6421,
6432,
6427,
6426,
6425,
6428,
0,
6424,
6423,
6431,
6420,
6419,
6418,
0,
6446,
6445,
6437,
6448,
6443,
6442,
6441,
6444,
0,
6440,
6439,
6447,
6436,
6435,
6434,
0,
6462,
6461,
6453,
6464,
6459,
6458,
6457,
6460,
0,
6456,
6455,
6463,
6452,
6451,
6450,
0,
6478,
6477,
6469,
6480,
6475,
6474,
6473,
6476,
0,
6472,
6471,
6479,
6468,
6467,
6466,
0,
6494,
6493,
6485,
6496,
6491,
6490,
6489,
6492,
0,
6488,
6487,
6495,
6484,
6483,
6482,
0,
6510,
6509,
6501,
6512,
6507,
6506,
6505,
6508,
0,
6504,
6503,
6511,
6500,
6499,
6498,
0,
6526,
6525,
6517,
6528,
6523,
6522,
6521,
6524,
0,
6520,
6519,
6527,
6516,
6515,
6514,
0,
6542,
6541,
6533,
6544,
6539,
6538,
6537,
6540,
0,
6536,
6535,
6543,
6532,
6531,
6530,
0,
6558,
6557,
6549,
6560,
6555,
6554,
6553,
6556,
0,
6552,
6551,
6559,
6548,
6547,
6546,
0,
6574,
6573,
6565,
6576,
6571,
6570,
6569,
6572,
0,
6568,
6567,
6575,
6564,
6563,
6562,
0,
6590,
6589,
6581,
6592,
6587,
6586,
6585,
6588,
0,
6584,
6583,
6591,
6580,
6579,
6578,
0,
6606,
6605,
6597,
6608,
6603,
6602,
6601,
6604,
0,
6600,
6599,
6607,
6596,
6595,
6594,
0,
6622,
6621,
6613,
6624,
6619,
6618,
6617,
6620,
0,
6616,
6615,
6623,
6612,
6611,
6610,
0,
6638,
6637,
6629,
6640,
6635,
6634,
6633,
6636,
0,
6632,
6631,
6639,
6628,
6627,
6626,
0,
6654,
6653,
6645,
6656,
6651,
6650,
6649,
6652,
0,
6648,
6647,
6655,
6644,
6643,
6642,
0,
6670,
6669,
6661,
6672,
6667,
6666,
6665,
6668,
0,
6664,
6663,
6671,
6660,
6659,
6658,
0,
6686,
6685,
6677,
6688,
6683,
6682,
6681,
6684,
0,
6680,
6679,
6687,
6676,
6675,
6674,
0,
6702,
6701,
6693,
6704,
6699,
6698,
6697,
6700,
0,
6696,
6695,
6703,
6692,
6691,
6690,
0,
6718,
6717,
6709,
6720,
6715,
6714,
6713,
6716,
0,
6712,
6711,
6719,
6708,
6707,
6706,
0,
6734,
6733,
6725,
6736,
6731,
6730,
6729,
6732,
0,
6728,
6727,
6735,
6724,
6723,
6722,
0,
6750,
6749,
6741,
6752,
6747,
6746,
6745,
6748,
0,
6744,
6743,
6751,
6740,
6739,
6738,
0,
6766,
6765,
6757,
6768,
6763,
6762,
6761,
6764,
0,
6760,
6759,
6767,
6756,
6755,
6754,
0,
6782,
6781,
6773,
6784,
6779,
6778,
6777,
6780,
0,
6776,
6775,
6783,
6772,
6771,
6770,
0,
6798,
6797,
6789,
6800,
6795,
6794,
6793,
6796,
0,
6792,
6791,
6799,
6788,
6787,
6786,
0,
6814,
6813,
6805,
6816,
6811,
6810,
6809,
6812,
0,
6808,
6807,
6815,
6804,
6803,
6802,
0,
6830,
6829,
6821,
6832,
6827,
6826,
6825,
6828,
0,
6824,
6823,
6831,
6820,
6819,
6818,
0,
6846,
6845,
6837,
6848,
6843,
6842,
6841,
6844,
0,
6840,
6839,
6847,
6836,
6835,
6834,
0,
6862,
6861,
6853,
6864,
6859,
6858,
6857,
6860,
0,
6856,
6855,
6863,
6852,
6851,
6850,
0,
6878,
6877,
6869,
6880,
6875,
6874,
6873,
6876,
0,
6872,
6871,
6879,
6868,
6867,
6866,
0,
6894,
6893,
6885,
6896,
6891,
6890,
6889,
6892,
0,
6888,
6887,
6895,
6884,
6883,
6882,
0,
6910,
6909,
6901,
6912,
6907,
6906,
6905,
6908,
0,
6904,
6903,
6911,
6900,
6899,
6898,
0,
6926,
6925,
6917,
6928,
6923,
6922,
6921,
6924,
0,
6920,
6919,
6927,
6916,
6915,
6914,
0,
6942,
6941,
6933,
6944,
6939,
6938,
6937,
6940,
0,
6936,
6935,
6943,
6932,
6931,
6930,
0,
6958,
6957,
6949,
6960,
6955,
6954,
6953,
6956,
0,
6952,
6951,
6959,
6948,
6947,
6946,
0,
6974,
6973,
6965,
6976,
6971,
6970,
6969,
6972,
0,
6968,
6967,
6975,
6964,
6963,
6962,
0,
6990,
6989,
6981,
6992,
6987,
6986,
6985,
6988,
0,
6984,
6983,
6991,
6980,
6979,
6978,
0,
7006,
7005,
6997,
7008,
7003,
7002,
7001,
7004,
0,
7000,
6999,
7007,
6996,
6995,
6994,
0,
7022,
7021,
7013,
7024,
7019,
7018,
7017,
7020,
0,
7016,
7015,
7023,
7012,
7011,
7010,
0,
7038,
7037,
7029,
7040,
7035,
7034,
7033,
7036,
0,
7032,
7031,
7039,
7028,
7027,
7026,
0,
7054,
7053,
7045,
7056,
7051,
7050,
7049,
7052,
0,
7048,
7047,
7055,
7044,
7043,
7042,
0,
7070,
7069,
7061,
7072,
7067,
7066,
7065,
7068,
0,
7064,
7063,
7071,
7060,
7059,
7058,
0,
7086,
7085,
7077,
7088,
7083,
7082,
7081,
7084,
0,
7080,
7079,
7087,
7076,
7075,
7074,
0,
7102,
7101,
7093,
7104,
7099,
7098,
7097,
7100,
0,
7096,
7095,
7103,
7092,
7091,
7090,
0,
7118,
7117,
7109,
7120,
7115,
7114,
7113,
7116,
0,
7112,
7111,
7119,
7108,
7107,
7106,
0,
7134,
7133,
7125,
7136,
7131,
7130,
7129,
7132,
0,
7128,
7127,
7135,
7124,
7123,
7122,
0,
7150,
7149,
7141,
7152,
7147,
7146,
7145,
7148,
0,
7144,
7143,
7151,
7140,
7139,
7138,
0,
7166,
7165,
7157,
7168,
7163,
7162,
7161,
7164,
0,
7160,
7159,
7167,
7156,
7155,
7154,
0,
7182,
7181,
7173,
7184,
7179,
7178,
7177,
7180,
0,
7176,
7175,
7183,
7172,
7171,
7170,
0,
7198,
7197,
7189,
7200,
7195,
7194,
7193,
7196,
0,
7192,
7191,
7199,
7188,
7187,
7186,
0,
7214,
7213,
7205,
7216,
7211,
7210,
7209,
7212,
0,
7208,
7207,
7215,
7204,
7203,
7202,
0,
7230,
7229,
7221,
7232,
7227,
7226,
7225,
7228,
0,
7224,
7223,
7231,
7220,
7219,
7218,
0,
7246,
7245,
7237,
7248,
7243,
7242,
7241,
7244,
0,
7240,
7239,
7247,
7236,
7235,
7234,
0,
7262,
7261,
7253,
7264,
7259,
7258,
7257,
7260,
0,
7256,
7255,
7263,
7252,
7251,
7250,
0,
7278,
7277,
7269,
7280,
7275,
7274,
7273,
7276,
0,
7272,
7271,
7279,
7268,
7267,
7266,
0,
7294,
7293,
7285,
7296,
7291,
7290,
7289,
7292,
0,
7288,
7287,
7295,
7284,
7283,
7282,
0,
7310,
7309,
7301,
7312,
7307,
7306,
7305,
7308,
0,
7304,
7303,
7311,
7300,
7299,
7298,
0,
7326,
7325,
7317,
7328,
7323,
7322,
7321,
7324,
0,
7320,
7319,
7327,
7316,
7315,
7314,
0,
7342,
7341,
7333,
7344,
7339,
7338,
7337,
7340,
0,
7336,
7335,
7343,
7332,
7331,
7330,
0,
7358,
7357,
7349,
7360,
7355,
7354,
7353,
7356,
0,
7352,
7351,
7359,
7348,
7347,
7346,
0,
7374,
7373,
7365,
7376,
7371,
7370,
7369,
7372,
0,
7368,
7367,
7375,
7364,
7363,
7362,
0,
7390,
7389,
7381,
7392,
7387,
7386,
7385,
7388,
0,
7384,
7383,
7391,
7380,
7379,
7378,
0,
7406,
7405,
7397,
7408,
7403,
7402,
7401,
7404,
0,
7400,
7399,
7407,
7396,
7395,
7394,
0,
7422,
7421,
7413,
7424,
7419,
7418,
7417,
7420,
0,
7416,
7415,
7423,
7412,
7411,
7410,
0,
7438,
7437,
7429,
7440,
7435,
7434,
7433,
7436,
0,
7432,
7431,
7439,
7428,
7427,
7426,
0,
7454,
7453,
7445,
7456,
7451,
7450,
7449,
7452,
0,
7448,
7447,
7455,
7444,
7443,
7442,
0,
7470,
7469,
7461,
7472,
7467,
7466,
7465,
7468,
0,
7464,
7463,
7471,
7460,
7459,
7458,
0,
7486,
7485,
7477,
7488,
7483,
7482,
7481,
7484,
0,
7480,
7479,
7487,
7476,
7475,
7474,
0,
7502,
7501,
7493,
7504,
7499,
7498,
7497,
7500,
0,
7496,
7495,
7503,
7492,
7491,
7490,
0,
7518,
7517,
7509,
7520,
7515,
7514,
7513,
7516,
0,
7512,
7511,
7519,
7508,
7507,
7506,
0,
7534,
7533,
7525,
7536,
7531,
7530,
7529,
7532,
0,
7528,
7527,
7535,
7524,
7523,
7522,
0,
7550,
7549,
7541,
7552,
7547,
7546,
7545,
7548,
0,
7544,
7543,
7551,
7540,
7539,
7538,
0,
7566,
7565,
7557,
7568,
7563,
7562,
7561,
7564,
0,
7560,
7559,
7567,
7556,
7555,
7554,
0,
7582,
7581,
7573,
7584,
7579,
7578,
7577,
7580,
0,
7576,
7575,
7583,
7572,
7571,
7570,
0,
7598,
7597,
7589,
7600,
7595,
7594,
7593,
7596,
0,
7592,
7591,
7599,
7588,
7587,
7586,
0,
7614,
7613,
7605,
7616,
7611,
7610,
7609,
7612,
0,
7608,
7607,
7615,
7604,
7603,
7602,
0,
7630,
7629,
7621,
7632,
7627,
7626,
7625,
7628,
0,
7624,
7623,
7631,
7620,
7619,
7618,
0,
7646,
7645,
7637,
7648,
7643,
7642,
7641,
7644,
0,
7640,
7639,
7647,
7636,
7635,
7634,
0,
7662,
7661,
7653,
7664,
7659,
7658,
7657,
7660,
0,
7656,
7655,
7663,
7652,
7651,
7650,
0,
7678,
7677,
7669,
7680,
7675,
7674,
7673,
7676,
0,
7672,
7671,
7679,
7668,
7667,
7666,
0,
7694,
7693,
7685,
7696,
7691,
7690,
7689,
7692,
0,
7688,
7687,
7695,
7684,
7683,
7682,
0,
7710,
7709,
7701,
7712,
7707,
7706,
7705,
7708,
0,
7704,
7703,
7711,
7700,
7699,
7698,
0,
7726,
7725,
7717,
7728,
7723,
7722,
7721,
7724,
0,
7720,
7719,
7727,
7716,
7715,
7714,
0,
7742,
7741,
7733,
7744,
7739,
7738,
7737,
7740,
0,
7736,
7735,
7743,
7732,
7731,
7730,
0,
7758,
7757,
7749,
7760,
7755,
7754,
7753,
7756,
0,
7752,
7751,
7759,
7748,
7747,
7746,
0,
7774,
7773,
7765,
7776,
7771,
7770,
7769,
7772,
0,
7768,
7767,
7775,
7764,
7763,
7762,
0,
7790,
7789,
7781,
7792,
7787,
7786,
7785,
7788,
0,
7784,
7783,
7791,
7780,
7779,
7778,
0,
7806,
7805,
7797,
7808,
7803,
7802,
7801,
7804,
0,
7800,
7799,
7807,
7796,
7795,
7794,
0,
7822,
7821,
7813,
7824,
7819,
7818,
7817,
7820,
0,
7816,
7815,
7823,
7812,
7811,
7810,
0,
7838,
7837,
7829,
7840,
7835,
7834,
7833,
7836,
0,
7832,
7831,
7839,
7828,
7827,
7826,
0,
7854,
7853,
7845,
7856,
7851,
7850,
7849,
7852,
0,
7848,
7847,
7855,
7844,
7843,
7842,
0,
7870,
7869,
7861,
7872,
7867,
7866,
7865,
7868,
0,
7864,
7863,
7871,
7860,
7859,
7858,
0,
7886,
7885,
7877,
7888,
7883,
7882,
7881,
7884,
0,
7880,
7879,
7887,
7876,
7875,
7874,
0,
7902,
7901,
7893,
7904,
7899,
7898,
7897,
7900,
0,
7896,
7895,
7903,
7892,
7891,
7890,
0,
7918,
7917,
7909,
7920,
7915,
7914,
7913,
7916,
0,
7912,
7911,
7919,
7908,
7907,
7906,
0,
7934,
7933,
7925,
7936,
7931,
7930,
7929,
7932,
0,
7928,
7927,
7935,
7924,
7923,
7922,
0,
7950,
7949,
7941,
7952,
7947,
7946,
7945,
7948,
0,
7944,
7943,
7951,
7940,
7939,
7938,
0,
7966,
7965,
7957,
7968,
7963,
7962,
7961,
7964,
0,
7960,
7959,
7967,
7956,
7955,
7954,
0,
7982,
7981,
7973,
7984,
7979,
7978,
7977,
7980,
0,
7976,
7975,
7983,
7972,
7971,
7970,
0,
7998,
7997,
7989,
8000,
7995,
7994,
7993,
7996,
0,
7992,
7991,
7999,
7988,
7987,
7986,
0,
8014,
8013,
8005,
8016,
8011,
8010,
8009,
8012,
0,
8008,
8007,
8015,
8004,
8003,
8002,
0,
8030,
8029,
8021,
8032,
8027,
8026,
8025,
8028,
0,
8024,
8023,
8031,
8020,
8019,
8018,
0,
8046,
8045,
8037,
8048,
8043,
8042,
8041,
8044,
0,
8040,
8039,
8047,
8036,
8035,
8034,
0,
8062,
8061,
8053,
8064,
8059,
8058,
8057,
8060,
0,
8056,
8055,
8063,
8052,
8051,
8050,
0,
8078,
8077,
8069,
8080,
8075,
8074,
8073,
8076,
0,
8072,
8071,
8079,
8068,
8067,
8066,
0,
8094,
8093,
8085,
8096,
8091,
8090,
8089,
8092,
0,
8088,
8087,
8095,
8084,
8083,
8082,
0,
8110,
8109,
8101,
8112,
8107,
8106,
8105,
8108,
0,
8104,
8103,
8111,
8100,
8099,
8098,
0,
8126,
8125,
8117,
8128,
8123,
8122,
8121,
8124,
0,
8120,
8119,
8127,
8116,
8115,
8114,
0,
8142,
8141,
8133,
8144,
8139,
8138,
8137,
8140,
0,
8136,
8135,
8143,
8132,
8131,
8130,
0,
8158,
8157,
8149,
8160,
8155,
8154,
8153,
8156,
0,
8152,
8151,
8159,
8148,
8147,
8146,
0,
8174,
8173,
8165,
8176,
8171,
8170,
8169,
8172,
0,
8168,
8167,
8175,
8164,
8163,
8162,
0,
8190,
8189,
8181,
8192,
8187,
8186,
8185,
8188,
0,
8184,
8183,
8191,
8180,
8179,
8178,
0,
8206,
8205,
8197,
8208,
8203,
8202,
8201,
8204,
0,
8200,
8199,
8207,
8196,
8195,
8194,
0,
8222,
8221,
8213,
8224,
8219,
8218,
8217,
8220,
0,
8216,
8215,
8223,
8212,
8211,
8210,
0,
8238,
8237,
8229,
8240,
8235,
8234,
8233,
8236,
0,
8232,
8231,
8239,
8228,
8227,
8226,
0,
8254,
8253,
8245,
8256,
8251,
8250,
8249,
8252,
0,
8248,
8247,
8255,
8244,
8243,
8242,
0,
8270,
8269,
8261,
8272,
8267,
8266,
8265,
8268,
0,
8264,
8263,
8271,
8260,
8259,
8258,
0,
8286,
8285,
8277,
8288,
8283,
8282,
8281,
8284,
0,
8280,
8279,
8287,
8276,
8275,
8274,
0,
8302,
8301,
8293,
8304,
8299,
8298,
8297,
8300,
0,
8296,
8295,
8303,
8292,
8291,
8290,
0,
8318,
8317,
8309,
8320,
8315,
8314,
8313,
8316,
0,
8312,
8311,
8319,
8308,
8307,
8306,
0,
8334,
8333,
8325,
8336,
8331,
8330,
8329,
8332,
0,
8328,
8327,
8335,
8324,
8323,
8322,
0,
8350,
8349,
8341,
8352,
8347,
8346,
8345,
8348,
0,
8344,
8343,
8351,
8340,
8339,
8338,
0,
8366,
8365,
8357,
8368,
8363,
8362,
8361,
8364,
0,
8360,
8359,
8367,
8356,
8355,
8354,
0,
8382,
8381,
8373,
8384,
8379,
8378,
8377,
8380,
0,
8376,
8375,
8383,
8372,
8371,
8370,
0,
8398,
8397,
8389,
8400,
8395,
8394,
8393,
8396,
0,
8392,
8391,
8399,
8388,
8387,
8386,
0,
8414,
8413,
8405,
8416,
8411,
8410,
8409,
8412,
0,
8408,
8407,
8415,
8404,
8403,
8402,
0,
8430,
8429,
8421,
8432,
8427,
8426,
8425,
8428,
0,
8424,
8423,
8431,
8420,
8419,
8418,
0,
8446,
8445,
8437,
8448,
8443,
8442,
8441,
8444,
0,
8440,
8439,
8447,
8436,
8435,
8434,
0,
8462,
8461,
8453,
8464,
8459,
8458,
8457,
8460,
0,
8456,
8455,
8463,
8452,
8451,
8450,
0,
8478,
8477,
8469,
8480,
8475,
8474,
8473,
8476,
0,
8472,
8471,
8479,
8468,
8467,
8466,
0,
8494,
8493,
8485,
8496,
8491,
8490,
8489,
8492,
0,
8488,
8487,
8495,
8484,
8483,
8482,
0,
8510,
8509,
8501,
8512,
8507,
8506,
8505,
8508,
0,
8504,
8503,
8511,
8500,
8499,
8498,
0,
8526,
8525,
8517,
8528,
8523,
8522,
8521,
8524,
0,
8520,
8519,
8527,
8516,
8515,
8514,
0,
8542,
8541,
8533,
8544,
8539,
8538,
8537,
8540,
0,
8536,
8535,
8543,
8532,
8531,
8530,
0,
8558,
8557,
8549,
8560,
8555,
8554,
8553,
8556,
0,
8552,
8551,
8559,
8548,
8547,
8546,
0,
8574,
8573,
8565,
8576,
8571,
8570,
8569,
8572,
0,
8568,
8567,
8575,
8564,
8563,
8562,
0,
8590,
8589,
8581,
8592,
8587,
8586,
8585,
8588,
0,
8584,
8583,
8591,
8580,
8579,
8578,
0,
8606,
8605,
8597,
8608,
8603,
8602,
8601,
8604,
0,
8600,
8599,
8607,
8596,
8595,
8594,
0,
8622,
8621,
8613,
8624,
8619,
8618,
8617,
8620,
0,
8616,
8615,
8623,
8612,
8611,
8610,
0,
8638,
8637,
8629,
8640,
8635,
8634,
8633,
8636,
0,
8632,
8631,
8639,
8628,
8627,
8626,
0,
8654,
8653,
8645,
8656,
8651,
8650,
8649,
8652,
0,
8648,
8647,
8655,
8644,
8643,
8642,
0,
8670,
8669,
8661,
8672,
8667,
8666,
8665,
8668,
0,
8664,
8663,
8671,
8660,
8659,
8658,
0,
8686,
8685,
8677,
8688,
8683,
8682,
8681,
8684,
0,
8680,
8679,
8687,
8676,
8675,
8674,
0,
8702,
8701,
8693,
8704,
8699,
8698,
8697,
8700,
0,
8696,
8695,
8703,
8692,
8691,
8690,
0,
8718,
8717,
8709,
8720,
8715,
8714,
8713,
8716,
0,
8712,
8711,
8719,
8708,
8707,
8706,
0,
8734,
8733,
8725,
8736,
8731,
8730,
8729,
8732,
0,
8728,
8727,
8735,
8724,
8723,
8722,
0,
8750,
8749,
8741,
8752,
8747,
8746,
8745,
8748,
0,
8744,
8743,
8751,
8740,
8739,
8738,
0,
8766,
8765,
8757,
8768,
8763,
8762,
8761,
8764,
0,
8760,
8759,
8767,
8756,
8755,
8754,
0,
8782,
8781,
8773,
8784,
8779,
8778,
8777,
8780,
0,
8776,
8775,
8783,
8772,
8771,
8770,
0,
8798,
8797,
8789,
8800,
8795,
8794,
8793,
8796,
0,
8792,
8791,
8799,
8788,
8787,
8786,
0,
8814,
8813,
8805,
8816,
8811,
8810,
8809,
8812,
0,
8808,
8807,
8815,
8804,
8803,
8802,
0,
8830,
8829,
8821,
8832,
8827,
8826,
8825,
8828,
0,
8824,
8823,
8831,
8820,
8819,
8818,
0,
8846,
8845,
8837,
8848,
8843,
8842,
8841,
8844,
0,
8840,
8839,
8847,
8836,
8835,
8834,
0,
8862,
8861,
8853,
8864,
8859,
8858,
8857,
8860,
0,
8856,
8855,
8863,
8852,
8851,
8850,
0,
8878,
8877,
8869,
8880,
8875,
8874,
8873,
8876,
0,
8872,
8871,
8879,
8868,
8867,
8866,
0,
8894,
8893,
8885,
8896,
8891,
8890,
8889,
8892,
0,
8888,
8887,
8895,
8884,
8883,
8882,
0,
8910,
8909,
8901,
8912,
8907,
8906,
8905,
8908,
0,
8904,
8903,
8911,
8900,
8899,
8898,
0,
8926,
8925,
8917,
8928,
8923,
8922,
8921,
8924,
0,
8920,
8919,
8927,
8916,
8915,
8914,
0,
8942,
8941,
8933,
8944,
8939,
8938,
8937,
8940,
0,
8936,
8935,
8943,
8932,
8931,
8930,
0,
8958,
8957,
8949,
8960,
8955,
8954,
8953,
8956,
0,
8952,
8951,
8959,
8948,
8947,
8946,
0,
8974,
8973,
8965,
8976,
8971,
8970,
8969,
8972,
0,
8968,
8967,
8975,
8964,
8963,
8962,
0,
8990,
8989,
8981,
8992,
8987,
8986,
8985,
8988,
0,
8984,
8983,
8991,
8980,
8979,
8978,
0,
9006,
9005,
8997,
9008,
9003,
9002,
9001,
9004,
0,
9000,
8999,
9007,
8996,
8995,
8994,
0,
9022,
9021,
9013,
9024,
9019,
9018,
9017,
9020,
0,
9016,
9015,
9023,
9012,
9011,
9010,
0,
9038,
9037,
9029,
9040,
9035,
9034,
9033,
9036,
0,
9032,
9031,
9039,
9028,
9027,
9026,
0,
9054,
9053,
9045,
9056,
9051,
9050,
9049,
9052,
0,
9048,
9047,
9055,
9044,
9043,
9042,
0,
9070,
9069,
9061,
9072,
9067,
9066,
9065,
9068,
0,
9064,
9063,
9071,
9060,
9059,
9058,
0,
9086,
9085,
9077,
9088,
9083,
9082,
9081,
9084,
0,
9080,
9079,
9087,
9076,
9075,
9074,
0,
9102,
9101,
9093,
9104,
9099,
9098,
9097,
9100,
0,
9096,
9095,
9103,
9092,
9091,
9090,
0,
9118,
9117,
9109,
9120,
9115,
9114,
9113,
9116,
0,
9112,
9111,
9119,
9108,
9107,
9106,
0,
9134,
9133,
9125,
9136,
9131,
9130,
9129,
9132,
0,
9128,
9127,
9135,
9124,
9123,
9122,
0,
9150,
9149,
9141,
9152,
9147,
9146,
9145,
9148,
0,
9144,
9143,
9151,
9140,
9139,
9138,
0,
9166,
9165,
9157,
9168,
9163,
9162,
9161,
9164,
0,
9160,
9159,
9167,
9156,
9155,
9154,
0,
9182,
9181,
9173,
9184,
9179,
9178,
9177,
9180,
0,
9176,
9175,
9183,
9172,
9171,
9170,
0,
9198,
9197,
9189,
9200,
9195,
9194,
9193,
9196,
0,
9192,
9191,
9199,
9188,
9187,
9186,
0,
9214,
9213,
9205,
9216,
9211,
9210,
9209,
9212,
0,
9208,
9207,
9215,
9204,
9203,
9202,
0,
9230,
9229,
9221,
9232,
9227,
9226,
9225,
9228,
0,
9224,
9223,
9231,
9220,
9219,
9218,
0,
9246,
9245,
9237,
9248,
9243,
9242,
9241,
9244,
0,
9240,
9239,
9247,
9236,
9235,
9234,
0,
9262,
9261,
9253,
9264,
9259,
9258,
9257,
9260,
0,
9256,
9255,
9263,
9252,
9251,
9250,
0,
9278,
9277,
9269,
9280,
9275,
9274,
9273,
9276,
0,
9272,
9271,
9279,
9268,
9267,
9266,
0,
9294,
9293,
9285,
9296,
9291,
9290,
9289,
9292,
0,
9288,
9287,
9295,
9284,
9283,
9282,
0,
9310,
9309,
9301,
9312,
9307,
9306,
9305,
9308,
0,
9304,
9303,
9311,
9300,
9299,
9298,
0,
9326,
9325,
9317,
9328,
9323,
9322,
9321,
9324,
0,
9320,
9319,
9327,
9316,
9315,
9314,
0,
9342,
9341,
9333,
9344,
9339,
9338,
9337,
9340,
0,
9336,
9335,
9343,
9332,
9331,
9330,
0,
9358,
9357,
9349,
9360,
9355,
9354,
9353,
9356,
0,
9352,
9351,
9359,
9348,
9347,
9346,
0,
9374,
9373,
9365,
9376,
9371,
9370,
9369,
9372,
0,
9368,
9367,
9375,
9364,
9363,
9362,
0,
9390,
9389,
9381,
9392,
9387,
9386,
9385,
9388,
0,
9384,
9383,
9391,
9380,
9379,
9378,
0,
9406,
9405,
9397,
9408,
9403,
9402,
9401,
9404,
0,
9400,
9399,
9407,
9396,
9395,
9394,
0,
9422,
9421,
9413,
9424,
9419,
9418,
9417,
9420,
0,
9416,
9415,
9423,
9412,
9411,
9410,
0,
9438,
9437,
9429,
9440,
9435,
9434,
9433,
9436,
0,
9432,
9431,
9439,
9428,
9427,
9426,
0,
9454,
9453,
9445,
9456,
9451,
9450,
9449,
9452,
0,
9448,
9447,
9455,
9444,
9443,
9442,
0,
9470,
9469,
9461,
9472,
9467,
9466,
9465,
9468,
0,
9464,
9463,
9471,
9460,
9459,
9458,
0,
9486,
9485,
9477,
9488,
9483,
9482,
9481,
9484,
0,
9480,
9479,
9487,
9476,
9475,
9474,
0,
9502,
9501,
9493,
9504,
9499,
9498,
9497,
9500,
0,
9496,
9495,
9503,
9492,
9491,
9490,
0,
9518,
9517,
9509,
9520,
9515,
9514,
9513,
9516,
0,
9512,
9511,
9519,
9508,
9507,
9506,
0,
9534,
9533,
9525,
9536,
9531,
9530,
9529,
9532,
0,
9528,
9527,
9535,
9524,
9523,
9522,
0,
9550,
9549,
9541,
9552,
9547,
9546,
9545,
9548,
0,
9544,
9543,
9551,
9540,
9539,
9538,
0,
9566,
9565,
9557,
9568,
9563,
9562,
9561,
9564,
0,
9560,
9559,
9567,
9556,
9555,
9554,
0,
9582,
9581,
9573,
9584,
9579,
9578,
9577,
9580,
0,
9576,
9575,
9583,
9572,
9571,
9570,
0,
9598,
9597,
9589,
9600,
9595,
9594,
9593,
9596,
0,
9592,
9591,
9599,
9588,
9587,
9586,
0,
9614,
9613,
9605,
9616,
9611,
9610,
9609,
9612,
0,
9608,
9607,
9615,
9604,
9603,
9602,
0,
9630,
9629,
9621,
9632,
9627,
9626,
9625,
9628,
0,
9624,
9623,
9631,
9620,
9619,
9618,
0,
9646,
9645,
9637,
9648,
9643,
9642,
9641,
9644,
0,
9640,
9639,
9647,
9636,
9635,
9634,
0,
9662,
9661,
9653,
9664,
9659,
9658,
9657,
9660,
0,
9656,
9655,
9663,
9652,
9651,
9650,
0,
9678,
9677,
9669,
9680,
9675,
9674,
9673,
9676,
0,
9672,
9671,
9679,
9668,
9667,
9666,
0,
9694,
9693,
9685,
9696,
9691,
9690,
9689,
9692,
0,
9688,
9687,
9695,
9684,
9683,
9682,
0,
9710,
9709,
9701,
9712,
9707,
9706,
9705,
9708,
0,
9704,
9703,
9711,
9700,
9699,
9698,
0,
9726,
9725,
9717,
9728,
9723,
9722,
9721,
9724,
0,
9720,
9719,
9727,
9716,
9715,
9714,
0,
9742,
9741,
9733,
9744,
9739,
9738,
9737,
9740,
0,
9736,
9735,
9743,
9732,
9731,
9730,
0,
9758,
9757,
9749,
9760,
9755,
9754,
9753,
9756,
0,
9752,
9751,
9759,
9748,
9747,
9746,
0,
9774,
9773,
9765,
9776,
9771,
9770,
9769,
9772,
0,
9768,
9767,
9775,
9764,
9763,
9762,
0,
9790,
9789,
9781,
9792,
9787,
9786,
9785,
9788,
0,
9784,
9783,
9791,
9780,
9779,
9778,
0,
9806,
9805,
9797,
9808,
9803,
9802,
9801,
9804,
0,
9800,
9799,
9807,
9796,
9795,
9794,
0,
9822,
9821,
9813,
9824,
9819,
9818,
9817,
9820,
0,
9816,
9815,
9823,
9812,
9811,
9810,
0,
9838,
9837,
9829,
9840,
9835,
9834,
9833,
9836,
0,
9832,
9831,
9839,
9828,
9827,
9826,
0,
9854,
9853,
9845,
9856,
9851,
9850,
9849,
9852,
0,
9848,
9847,
9855,
9844,
9843,
9842,
0,
9870,
9869,
9861,
9872,
9867,
9866,
9865,
9868,
0,
9864,
9863,
9871,
9860,
9859,
9858,
0,
9886,
9885,
9877,
9888,
9883,
9882,
9881,
9884,
0,
9880,
9879,
9887,
9876,
9875,
9874,
0,
9902,
9901,
9893,
9904,
9899,
9898,
9897,
9900,
0,
9896,
9895,
9903,
9892,
9891,
9890,
0,
9918,
9917,
9909,
9920,
9915,
9914,
9913,
9916,
0,
9912,
9911,
9919,
9908,
9907,
9906,
0,
9934,
9933,
9925,
9936,
9931,
9930,
9929,
9932,
0,
9928,
9927,
9935,
9924,
9923,
9922,
0,
9950,
9949,
9941,
9952,
9947,
9946,
9945,
9948,
0,
9944,
9943,
9951,
9940,
9939,
9938,
0,
9966,
9965,
9957,
9968,
9963,
9962,
9961,
9964,
0,
9960,
9959,
9967,
9956,
9955,
9954,
0,
9982,
9981,
9973,
9984,
9979,
9978,
9977,
9980,
0,
9976,
9975,
9983,
9972,
9971,
9970,
0,
9998,
9997,
9989,
10000,
9995,
9994,
9993,
9996,
0,
9992,
9991,
9999,
9988,
9987,
9986,
0,
10014,
10013,
10005,
10016,
10011,
10010,
10009,
10012,
0,
10008,
10007,
10015,
10004,
10003,
10002,
0,
10030,
10029,
10021,
10032,
10027,
10026,
10025,
10028,
0,
10024,
10023,
10031,
10020,
10019,
10018,
0,
10046,
10045,
10037,
10048,
10043,
10042,
10041,
10044,
0,
10040,
10039,
10047,
10036,
10035,
10034,
0,
10062,
10061,
10053,
10064,
10059,
10058,
10057,
10060,
0,
10056,
10055,
10063,
10052,
10051,
10050,
0,
10078,
10077,
10069,
10080,
10075,
10074,
10073,
10076,
0,
10072,
10071,
10079,
10068,
10067,
10066,
0,
10094,
10093,
10085,
10096,
10091,
10090,
10089,
10092,
0,
10088,
10087,
10095,
10084,
10083,
10082,
0,
10110,
10109,
10101,
10112,
10107,
10106,
10105,
10108,
0,
10104,
10103,
10111,
10100,
10099,
10098,
0,
10126,
10125,
10117,
10128,
10123,
10122,
10121,
10124,
0,
10120,
10119,
10127,
10116,
10115,
10114,
0,
10142,
10141,
10133,
10144,
10139,
10138,
10137,
10140,
0,
10136,
10135,
10143,
10132,
10131,
10130,
0,
10158,
10157,
10149,
10160,
10155,
10154,
10153,
10156,
0,
10152,
10151,
10159,
10148,
10147,
10146,
0,
10174,
10173,
10165,
10176,
10171,
10170,
10169,
10172,
0,
10168,
10167,
10175,
10164,
10163,
10162,
0,
10190,
10189,
10181,
10192,
10187,
10186,
10185,
10188,
0,
10184,
10183,
10191,
10180,
10179,
10178,
0,
10206,
10205,
10197,
10208,
10203,
10202,
10201,
10204,
0,
10200,
10199,
10207,
10196,
10195,
10194,
0,
10222,
10221,
10213,
10224,
10219,
10218,
10217,
10220,
0,
10216,
10215,
10223,
10212,
10211,
10210,
0,
10238,
10237,
10229,
10240,
10235,
10234,
10233,
10236,
0,
10232,
10231,
10239,
10228,
10227,
10226,
0,
10254,
10253,
10245,
10256,
10251,
10250,
10249,
10252,
0,
10248,
10247,
10255,
10244,
10243,
10242,
0,
10270,
10269,
10261,
10272,
10267,
10266,
10265,
10268,
0,
10264,
10263,
10271,
10260,
10259,
10258,
0,
10286,
10285,
10277,
10288,
10283,
10282,
10281,
10284,
0,
10280,
10279,
10287,
10276,
10275,
10274,
0,
10302,
10301,
10293,
10304,
10299,
10298,
10297,
10300,
0,
10296,
10295,
10303,
10292,
10291,
10290,
0,
10318,
10317,
10309,
10320,
10315,
10314,
10313,
10316,
0,
10312,
10311,
10319,
10308,
10307,
10306,
0,
10334,
10333,
10325,
10336,
10331,
10330,
10329,
10332,
0,
10328,
10327,
10335,
10324,
10323,
10322,
0,
10350,
10349,
10341,
10352,
10347,
10346,
10345,
10348,
0,
10344,
10343,
10351,
10340,
10339,
10338,
0,
10366,
10365,
10357,
10368,
10363,
10362,
10361,
10364,
0,
10360,
10359,
10367,
10356,
10355,
10354,
0,
10382,
10381,
10373,
10384,
10379,
10378,
10377,
10380,
0,
10376,
10375,
10383,
10372,
10371,
10370,
0,
10398,
10397,
10389,
10400,
10395,
10394,
10393,
10396,
0,
10392,
10391,
10399,
10388,
10387,
10386,
0,
10414,
10413,
10405,
10416,
10411,
10410,
10409,
10412,
0,
10408,
10407,
10415,
10404,
10403,
10402,
0,
10430,
10429,
10421,
10432,
10427,
10426,
10425,
10428,
0,
10424,
10423,
10431,
10420,
10419,
10418,
0,
10446,
10445,
10437,
10448,
10443,
10442,
10441,
10444,
0,
10440,
10439,
10447,
10436,
10435,
10434,
0,
10462,
10461,
10453,
10464,
10459,
10458,
10457,
10460,
0,
10456,
10455,
10463,
10452,
10451,
10450,
0,
10478,
10477,
10469,
10480,
10475,
10474,
10473,
10476,
0,
10472,
10471,
10479,
10468,
10467,
10466,
0,
10494,
10493,
10485,
10496,
10491,
10490,
10489,
10492,
0,
10488,
10487,
10495,
10484,
10483,
10482,
0,
10510,
10509,
10501,
10512,
10507,
10506,
10505,
10508,
0,
10504,
10503,
10511,
10500,
10499,
10498,
0,
10526,
10525,
10517,
10528,
10523,
10522,
10521,
10524,
0,
10520,
10519,
10527,
10516,
10515,
10514,
0,
10542,
10541,
10533,
10544,
10539,
10538,
10537,
10540,
0,
10536,
10535,
10543,
10532,
10531,
10530,
0,
10558,
10557,
10549,
10560,
10555,
10554,
10553,
10556,
0,
10552,
10551,
10559,
10548,
10547,
10546,
0,
10574,
10573,
10565,
10576,
10571,
10570,
10569,
10572,
0,
10568,
10567,
10575,
10564,
10563,
10562,
0,
10590,
10589,
10581,
10592,
10587,
10586,
10585,
10588,
0,
10584,
10583,
10591,
10580,
10579,
10578,
0,
10606,
10605,
10597,
10608,
10603,
10602,
10601,
10604,
0,
10600,
10599,
10607,
10596,
10595,
10594,
0,
10622,
10621,
10613,
10624,
10619,
10618,
10617,
10620,
0,
10616,
10615,
10623,
10612,
10611,
10610,
0,
10638,
10637,
10629,
10640,
10635,
10634,
10633,
10636,
0,
10632,
10631,
10639,
10628,
10627,
10626,
0,
10654,
10653,
10645,
10656,
10651,
10650,
10649,
10652,
0,
10648,
10647,
10655,
10644,
10643,
10642,
0,
10670,
10669,
10661,
10672,
10667,
10666,
10665,
10668,
0,
10664,
10663,
10671,
10660,
10659,
10658,
0,
10686,
10685,
10677,
10688,
10683,
10682,
10681,
10684,
0,
10680,
10679,
10687,
10676,
10675,
10674,
0,
10702,
10701,
10693,
10704,
10699,
10698,
10697,
10700,
0,
10696,
10695,
10703,
10692,
10691,
10690,
0,
10718,
10717,
10709,
10720,
10715,
10714,
10713,
10716,
0,
10712,
10711,
10719,
10708,
10707,
10706,
0,
10734,
10733,
10725,
10736,
10731,
10730,
10729,
10732,
0,
10728,
10727,
10735,
10724,
10723,
10722,
0,
10750,
10749,
10741,
10752,
10747,
10746,
10745,
10748,
0,
10744,
10743,
10751,
10740,
10739,
10738,
0,
10766,
10765,
10757,
10768,
10763,
10762,
10761,
10764,
0,
10760,
10759,
10767,
10756,
10755,
10754,
0,
10782,
10781,
10773,
10784,
10779,
10778,
10777,
10780,
0,
10776,
10775,
10783,
10772,
10771,
10770,
0,
10798,
10797,
10789,
10800,
10795,
10794,
10793,
10796,
0,
10792,
10791,
10799,
10788,
10787,
10786,
0,
10814,
10813,
10805,
10816,
10811,
10810,
10809,
10812,
0,
10808,
10807,
10815,
10804,
10803,
10802,
0,
10830,
10829,
10821,
10832,
10827,
10826,
10825,
10828,
0,
10824,
10823,
10831,
10820,
10819,
10818,
0,
10846,
10845,
10837,
10848,
10843,
10842,
10841,
10844,
0,
10840,
10839,
10847,
10836,
10835,
10834,
0,
10862,
10861,
10853,
10864,
10859,
10858,
10857,
10860,
0,
10856,
10855,
10863,
10852,
10851,
10850,
0,
10878,
10877,
10869,
10880,
10875,
10874,
10873,
10876,
0,
10872,
10871,
10879,
10868,
10867,
10866,
0,
10894,
10893,
10885,
10896,
10891,
10890,
10889,
10892,
0,
10888,
10887,
10895,
10884,
10883,
10882,
0,
10910,
10909,
10901,
10912,
10907,
10906,
10905,
10908,
0,
10904,
10903,
10911,
10900,
10899,
10898,
0,
10926,
10925,
10917,
10928,
10923,
10922,
10921,
10924,
0,
10920,
10919,
10927,
10916,
10915,
10914,
0,
10942,
10941,
10933,
10944,
10939,
10938,
10937,
10940,
0,
10936,
10935,
10943,
10932,
10931,
10930,
0,
10958,
10957,
10949,
10960,
10955,
10954,
10953,
10956,
0,
10952,
10951,
10959,
10948,
10947,
10946,
0,
10974,
10973,
10965,
10976,
10971,
10970,
10969,
10972,
0,
10968,
10967,
10975,
10964,
10963,
10962,
0,
10990,
10989,
10981,
10992,
10987,
10986,
10985,
10988,
0,
10984,
10983,
10991,
10980,
10979,
10978,
0,
11006,
11005,
10997,
11008,
11003,
11002,
11001,
11004,
0,
11000,
10999,
11007,
10996,
10995,
10994,
0,
11022,
11021,
11013,
11024,
11019,
11018,
11017,
11020,
0,
11016,
11015,
11023,
11012,
11011,
11010,
0,
11038,
11037,
11029,
11040,
11035,
11034,
11033,
11036,
0,
11032,
11031,
11039,
11028,
11027,
11026,
0,
11054,
11053,
11045,
11056,
11051,
11050,
11049,
11052,
0,
11048,
11047,
11055,
11044,
11043,
11042,
0,
11070,
11069,
11061,
11072,
11067,
11066,
11065,
11068,
0,
11064,
11063,
11071,
11060,
11059,
11058,
0,
11086,
11085,
11077,
11088,
11083,
11082,
11081,
11084,
0,
11080,
11079,
11087,
11076,
11075,
11074,
0,
11102,
11101,
11093,
11104,
11099,
11098,
11097,
11100,
0,
11096,
11095,
11103,
11092,
11091,
11090,
0,
11118,
11117,
11109,
11120,
11115,
11114,
11113,
11116,
0,
11112,
11111,
11119,
11108,
11107,
11106,
0,
11134,
11133,
11125,
11136,
11131,
11130,
11129,
11132,
0,
11128,
11127,
11135,
11124,
11123,
11122,
0,
11150,
11149,
11141,
11152,
11147,
11146,
11145,
11148,
0,
11144,
11143,
11151,
11140,
11139,
11138,
0,
11166,
11165,
11157,
11168,
11163,
11162,
11161,
11164,
0,
11160,
11159,
11167,
11156,
11155,
11154,
0,
11182,
11181,
11173,
11184,
11179,
11178,
11177,
11180,
0,
11176,
11175,
11183,
11172,
11171,
11170,
0,
11198,
11197,
11189,
11200,
11195,
11194,
11193,
11196,
0,
11192,
11191,
11199,
11188,
11187,
11186,
0,
11214,
11213,
11205,
11216,
11211,
11210,
11209,
11212,
0,
11208,
11207,
11215,
11204,
11203,
11202,
0,
11230,
11229,
11221,
11232,
11227,
11226,
11225,
11228,
0,
11224,
11223,
11231,
11220,
11219,
11218,
0,
11246,
11245,
11237,
11248,
11243,
11242,
11241,
11244,
0,
11240,
11239,
11247,
11236,
11235,
11234,
0,
11262,
11261,
11253,
11264,
11259,
11258,
11257,
11260,
0,
11256,
11255,
11263,
11252,
11251,
11250,
0,
11278,
11277,
11269,
11280,
11275,
11274,
11273,
11276,
0,
11272,
11271,
11279,
11268,
11267,
11266,
0,
11294,
11293,
11285,
11296,
11291,
11290,
11289,
11292,
0,
11288,
11287,
11295,
11284,
11283,
11282,
0,
11310,
11309,
11301,
11312,
11307,
11306,
11305,
11308,
0,
11304,
11303,
11311,
11300,
11299,
11298,
0,
11326,
11325,
11317,
11328,
11323,
11322,
11321,
11324,
0,
11320,
11319,
11327,
11316,
11315,
11314,
0,
11342,
11341,
11333,
11344,
11339,
11338,
11337,
11340,
0,
11336,
11335,
11343,
11332,
11331,
11330,
0,
11358,
11357,
11349,
11360,
11355,
11354,
11353,
11356,
0,
11352,
11351,
11359,
11348,
11347,
11346,
0,
11374,
11373,
11365,
11376,
11371,
11370,
11369,
11372,
0,
11368,
11367,
11375,
11364,
11363,
11362,
0,
11390,
11389,
11381,
11392,
11387,
11386,
11385,
11388,
0,
11384,
11383,
11391,
11380,
11379,
11378,
0,
11406,
11405,
11397,
11408,
11403,
11402,
11401,
11404,
0,
11400,
11399,
11407,
11396,
11395,
11394,
0,
11422,
11421,
11413,
11424,
11419,
11418,
11417,
11420,
0,
11416,
11415,
11423,
11412,
11411,
11410,
0,
11438,
11437,
11429,
11440,
11435,
11434,
11433,
11436,
0,
11432,
11431,
11439,
11428,
11427,
11426,
0,
11454,
11453,
11445,
11456,
11451,
11450,
11449,
11452,
0,
11448,
11447,
11455,
11444,
11443,
11442,
0,
11470,
11469,
11461,
11472,
11467,
11466,
11465,
11468,
0,
11464,
11463,
11471,
11460,
11459,
11458,
0,
11486,
11485,
11477,
11488,
11483,
11482,
11481,
11484,
0,
11480,
11479,
11487,
11476,
11475,
11474,
0,
11502,
11501,
11493,
11504,
11499,
11498,
11497,
11500,
0,
11496,
11495,
11503,
11492,
11491,
11490,
0,
11518,
11517,
11509,
11520,
11515,
11514,
11513,
11516,
0,
11512,
11511,
11519,
11508,
11507,
11506,
0,
11534,
11533,
11525,
11536,
11531,
11530,
11529,
11532,
0,
11528,
11527,
11535,
11524,
11523,
11522,
0,
11550,
11549,
11541,
11552,
11547,
11546,
11545,
11548,
0,
11544,
11543,
11551,
11540,
11539,
11538,
0,
11566,
11565,
11557,
11568,
11563,
11562,
11561,
11564,
0,
11560,
11559,
11567,
11556,
11555,
11554,
0,
11582,
11581,
11573,
11584,
11579,
11578,
11577,
11580,
0,
11576,
11575,
11583,
11572,
11571,
11570,
0,
11598,
11597,
11589,
11600,
11595,
11594,
11593,
11596,
0,
11592,
11591,
11599,
11588,
11587,
11586,
0,
11614,
11613,
11605,
11616,
11611,
11610,
11609,
11612,
0,
11608,
11607,
11615,
11604,
11603,
11602,
0,
11630,
11629,
11621,
11632,
11627,
11626,
11625,
11628,
0,
11624,
11623,
11631,
11620,
11619,
11618,
0,
11646,
11645,
11637,
11648,
11643,
11642,
11641,
11644,
0,
11640,
11639,
11647,
11636,
11635,
11634,
0,
11662,
11661,
11653,
11664,
11659,
11658,
11657,
11660,
0,
11656,
11655,
11663,
11652,
11651,
11650,
0,
11678,
11677,
11669,
11680,
11675,
11674,
11673,
11676,
0,
11672,
11671,
11679,
11668,
11667,
11666,
0,
11694,
11693,
11685,
11696,
11691,
11690,
11689,
11692,
0,
11688,
11687,
11695,
11684,
11683,
11682,
0,
11710,
11709,
11701,
11712,
11707,
11706,
11705,
11708,
0,
11704,
11703,
11711,
11700,
11699,
11698,
0,
11726,
11725,
11717,
11728,
11723,
11722,
11721,
11724,
0,
11720,
11719,
11727,
11716,
11715,
11714,
0,
11742,
11741,
11733,
11744,
11739,
11738,
11737,
11740,
0,
11736,
11735,
11743,
11732,
11731,
11730,
0,
11758,
11757,
11749,
11760,
11755,
11754,
11753,
11756,
0,
11752,
11751,
11759,
11748,
11747,
11746,
0,
11774,
11773,
11765,
11776,
11771,
11770,
11769,
11772,
0,
11768,
11767,
11775,
11764,
11763,
11762,
0,
11790,
11789,
11781,
11792,
11787,
11786,
11785,
11788,
0,
11784,
11783,
11791,
11780,
11779,
11778,
0,
11806,
11805,
11797,
11808,
11803,
11802,
11801,
11804,
0,
11800,
11799,
11807,
11796,
11795,
11794,
0,
11822,
11821,
11813,
11824,
11819,
11818,
11817,
11820,
0,
11816,
11815,
11823,
11812,
11811,
11810,
0,
11838,
11837,
11829,
11840,
11835,
11834,
11833,
11836,
0,
11832,
11831,
11839,
11828,
11827,
11826,
0,
11854,
11853,
11845,
11856,
11851,
11850,
11849,
11852,
0,
11848,
11847,
11855,
11844,
11843,
11842,
0,
11870,
11869,
11861,
11872,
11867,
11866,
11865,
11868,
0,
11864,
11863,
11871,
11860,
11859,
11858,
0,
11886,
11885,
11877,
11888,
11883,
11882,
11881,
11884,
0,
11880,
11879,
11887,
11876,
11875,
11874,
0,
11902,
11901,
11893,
11904,
11899,
11898,
11897,
11900,
0,
11896,
11895,
11903,
11892,
11891,
11890,
0,
11918,
11917,
11909,
11920,
11915,
11914,
11913,
11916,
0,
11912,
11911,
11919,
11908,
11907,
11906,
0,
11934,
11933,
11925,
11936,
11931,
11930,
11929,
11932,
0,
11928,
11927,
11935,
11924,
11923,
11922,
0,
11950,
11949,
11941,
11952,
11947,
11946,
11945,
11948,
0,
11944,
11943,
11951,
11940,
11939,
11938,
0,
11966,
11965,
11957,
11968,
11963,
11962,
11961,
11964,
0,
11960,
11959,
11967,
11956,
11955,
11954,
0,
11982,
11981,
11973,
11984,
11979,
11978,
11977,
11980,
0,
11976,
11975,
11983,
11972,
11971,
11970,
0,
11998,
11997,
11989,
12000,
11995,
11994,
11993,
11996,
0,
11992,
11991,
11999,
11988,
11987,
11986,
0,
12014,
12013,
12005,
12016,
12011,
12010,
12009,
12012,
0,
12008,
12007,
12015,
12004,
12003,
12002,
0,
12030,
12029,
12021,
12032,
12027,
12026,
12025,
12028,
0,
12024,
12023,
12031,
12020,
12019,
12018,
0,
12046,
12045,
12037,
12048,
12043,
12042,
12041,
12044,
0,
12040,
12039,
12047,
12036,
12035,
12034,
0,
12062,
12061,
12053,
12064,
12059,
12058,
12057,
12060,
0,
12056,
12055,
12063,
12052,
12051,
12050,
0,
12078,
12077,
12069,
12080,
12075,
12074,
12073,
12076,
0,
12072,
12071,
12079,
12068,
12067,
12066,
0,
12094,
12093,
12085,
12096,
12091,
12090,
12089,
12092,
0,
12088,
12087,
12095,
12084,
12083,
12082,
0,
12110,
12109,
12101,
12112,
12107,
12106,
12105,
12108,
0,
12104,
12103,
12111,
12100,
12099,
12098,
0,
12126,
12125,
12117,
12128,
12123,
12122,
12121,
12124,
0,
12120,
12119,
12127,
12116,
12115,
12114,
0,
12142,
12141,
12133,
12144,
12139,
12138,
12137,
12140,
0,
12136,
12135,
12143,
12132,
12131,
12130,
0,
12158,
12157,
12149,
12160,
12155,
12154,
12153,
12156,
0,
12152,
12151,
12159,
12148,
12147,
12146,
0,
12174,
12173,
12165,
12176,
12171,
12170,
12169,
12172,
0,
12168,
12167,
12175,
12164,
12163,
12162,
0,
12190,
12189,
12181,
12192,
12187,
12186,
12185,
12188,
0,
12184,
12183,
12191,
12180,
12179,
12178,
0,
12206,
12205,
12197,
12208,
12203,
12202,
12201,
12204,
0,
12200,
12199,
12207,
12196,
12195,
12194,
0,
12222,
12221,
12213,
12224,
12219,
12218,
12217,
12220,
0,
12216,
12215,
12223,
12212,
12211,
12210,
0,
12238,
12237,
12229,
12240,
12235,
12234,
12233,
12236,
0,
12232,
12231,
12239,
12228,
12227,
12226,
0,
12254,
12253,
12245,
12256,
12251,
12250,
12249,
12252,
0,
12248,
12247,
12255,
12244,
12243,
12242,
0,
12270,
12269,
12261,
12272,
12267,
12266,
12265,
12268,
0,
12264,
12263,
12271,
12260,
12259,
12258,
0,
12286,
12285,
12277,
12288,
12283,
12282,
12281,
12284,
0,
12280,
12279,
12287,
12276,
12275,
12274,
0,
12302,
12301,
12293,
12304,
12299,
12298,
12297,
12300,
0,
12296,
12295,
12303,
12292,
12291,
12290,
0,
12318,
12317,
12309,
12320,
12315,
12314,
12313,
12316,
0,
12312,
12311,
12319,
12308,
12307,
12306,
0,
12334,
12333,
12325,
12336,
12331,
12330,
12329,
12332,
0,
12328,
12327,
12335,
12324,
12323,
12322,
0,
12350,
12349,
12341,
12352,
12347,
12346,
12345,
12348,
0,
12344,
12343,
12351,
12340,
12339,
12338,
0,
12366,
12365,
12357,
12368,
12363,
12362,
12361,
12364,
0,
12360,
12359,
12367,
12356,
12355,
12354,
0,
12382,
12381,
12373,
12384,
12379,
12378,
12377,
12380,
0,
12376,
12375,
12383,
12372,
12371,
12370,
0,
12398,
12397,
12389,
12400,
12395,
12394,
12393,
12396,
0,
12392,
12391,
12399,
12388,
12387,
12386,
0,
12414,
12413,
12405,
12416,
12411,
12410,
12409,
12412,
0,
12408,
12407,
12415,
12404,
12403,
12402,
0,
12430,
12429,
12421,
12432,
12427,
12426,
12425,
12428,
0,
12424,
12423,
12431,
12420,
12419,
12418,
0,
12446,
12445,
12437,
12448,
12443,
12442,
12441,
12444,
0,
12440,
12439,
12447,
12436,
12435,
12434,
0,
12462,
12461,
12453,
12464,
12459,
12458,
12457,
12460,
0,
12456,
12455,
12463,
12452,
12451,
12450,
0,
12478,
12477,
12469,
12480,
12475,
12474,
12473,
12476,
0,
12472,
12471,
12479,
12468,
12467,
12466,
0,
12494,
12493,
12485,
12496,
12491,
12490,
12489,
12492,
0,
12488,
12487,
12495,
12484,
12483,
12482,
0,
12510,
12509,
12501,
12512,
12507,
12506,
12505,
12508,
0,
12504,
12503,
12511,
12500,
12499,
12498,
0,
12526,
12525,
12517,
12528,
12523,
12522,
12521,
12524,
0,
12520,
12519,
12527,
12516,
12515,
12514,
0,
12542,
12541,
12533,
12544,
12539,
12538,
12537,
12540,
0,
12536,
12535,
12543,
12532,
12531,
12530,
0,
12558,
12557,
12549,
12560,
12555,
12554,
12553,
12556,
0,
12552,
12551,
12559,
12548,
12547,
12546,
0,
12574,
12573,
12565,
12576,
12571,
12570,
12569,
12572,
0,
12568,
12567,
12575,
12564,
12563,
12562,
0,
12590,
12589,
12581,
12592,
12587,
12586,
12585,
12588,
0,
12584,
12583,
12591,
12580,
12579,
12578,
0,
12606,
12605,
12597,
12608,
12603,
12602,
12601,
12604,
0,
12600,
12599,
12607,
12596,
12595,
12594,
0,
12622,
12621,
12613,
12624,
12619,
12618,
12617,
12620,
0,
12616,
12615,
12623,
12612,
12611,
12610,
0,
12638,
12637,
12629,
12640,
12635,
12634,
12633,
12636,
0,
12632,
12631,
12639,
12628,
12627,
12626,
0,
12654,
12653,
12645,
12656,
12651,
12650,
12649,
12652,
0,
12648,
12647,
12655,
12644,
12643,
12642,
0,
12670,
12669,
12661,
12672,
12667,
12666,
12665,
12668,
0,
12664,
12663,
12671,
12660,
12659,
12658,
0,
12686,
12685,
12677,
12688,
12683,
12682,
12681,
12684,
0,
12680,
12679,
12687,
12676,
12675,
12674,
0,
12702,
12701,
12693,
12704,
12699,
12698,
12697,
12700,
0,
12696,
12695,
12703,
12692,
12691,
12690,
0,
12718,
12717,
12709,
12720,
12715,
12714,
12713,
12716,
0,
12712,
12711,
12719,
12708,
12707,
12706,
0,
12734,
12733,
12725,
12736,
12731,
12730,
12729,
12732,
0,
12728,
12727,
12735,
12724,
12723,
12722,
0,
12750,
12749,
12741,
12752,
12747,
12746,
12745,
12748,
0,
12744,
12743,
12751,
12740,
12739,
12738,
0,
12766,
12765,
12757,
12768,
12763,
12762,
12761,
12764,
0,
12760,
12759,
12767,
12756,
12755,
12754,
0,
12782,
12781,
12773,
12784,
12779,
12778,
12777,
12780,
0,
12776,
12775,
12783,
12772,
12771,
12770,
0,
12798,
12797,
12789,
12800,
12795,
12794,
12793,
12796,
0,
12792,
12791,
12799,
12788,
12787,
12786,
0,
12814,
12813,
12805,
12816,
12811,
12810,
12809,
12812,
0,
12808,
12807,
12815,
12804,
12803,
12802,
0,
12830,
12829,
12821,
12832,
12827,
12826,
12825,
12828,
0,
12824,
12823,
12831,
12820,
12819,
12818,
0,
12846,
12845,
12837,
12848,
12843,
12842,
12841,
12844,
0,
12840,
12839,
12847,
12836,
12835,
12834,
0,
12862,
12861,
12853,
12864,
12859,
12858,
12857,
12860,
0,
12856,
12855,
12863,
12852,
12851,
12850,
0,
12878,
12877,
12869,
12880,
12875,
12874,
12873,
12876,
0,
12872,
12871,
12879,
12868,
12867,
12866,
0,
12894,
12893,
12885,
12896,
12891,
12890,
12889,
12892,
0,
12888,
12887,
12895,
12884,
12883,
12882,
0,
12910,
12909,
12901,
12912,
12907,
12906,
12905,
12908,
0,
12904,
12903,
12911,
12900,
12899,
12898,
0,
12926,
12925,
12917,
12928,
12923,
12922,
12921,
12924,
0,
12920,
12919,
12927,
12916,
12915,
12914,
0,
12942,
12941,
12933,
12944,
12939,
12938,
12937,
12940,
0,
12936,
12935,
12943,
12932,
12931,
12930,
0,
12958,
12957,
12949,
12960,
12955,
12954,
12953,
12956,
0,
12952,
12951,
12959,
12948,
12947,
12946,
0,
12974,
12973,
12965,
12976,
12971,
12970,
12969,
12972,
0,
12968,
12967,
12975,
12964,
12963,
12962,
0,
12990,
12989,
12981,
12992,
12987,
12986,
12985,
12988,
0,
12984,
12983,
12991,
12980,
12979,
12978,
0,
13006,
13005,
12997,
13008,
13003,
13002,
13001,
13004,
0,
13000,
12999,
13007,
12996,
12995,
12994,
0,
13022,
13021,
13013,
13024,
13019,
13018,
13017,
13020,
0,
13016,
13015,
13023,
13012,
13011,
13010,
0,
13038,
13037,
13029,
13040,
13035,
13034,
13033,
13036,
0,
13032,
13031,
13039,
13028,
13027,
13026,
0,
13054,
13053,
13045,
13056,
13051,
13050,
13049,
13052,
0,
13048,
13047,
13055,
13044,
13043,
13042,
0,
13070,
13069,
13061,
13072,
13067,
13066,
13065,
13068,
0,
13064,
13063,
13071,
13060,
13059,
13058,
0,
13086,
13085,
13077,
13088,
13083,
13082,
13081,
13084,
0,
13080,
13079,
13087,
13076,
13075,
13074,
0,
13102,
13101,
13093,
13104,
13099,
13098,
13097,
13100,
0,
13096,
13095,
13103,
13092,
13091,
13090,
0,
13118,
13117,
13109,
13120,
13115,
13114,
13113,
13116,
0,
13112,
13111,
13119,
13108,
13107,
13106,
0,
13134,
13133,
13125,
13136,
13131,
13130,
13129,
13132,
0,
13128,
13127,
13135,
13124,
13123,
13122,
0,
13150,
13149,
13141,
13152,
13147,
13146,
13145,
13148,
0,
13144,
13143,
13151,
13140,
13139,
13138,
0,
13166,
13165,
13157,
13168,
13163,
13162,
13161,
13164,
0,
13160,
13159,
13167,
13156,
13155,
13154,
0,
13182,
13181,
13173,
13184,
13179,
13178,
13177,
13180,
0,
13176,
13175,
13183,
13172,
13171,
13170,
0,
13198,
13197,
13189,
13200,
13195,
13194,
13193,
13196,
0,
13192,
13191,
13199,
13188,
13187,
13186,
0,
13214,
13213,
13205,
13216,
13211,
13210,
13209,
13212,
0,
13208,
13207,
13215,
13204,
13203,
13202,
0,
13230,
13229,
13221,
13232,
13227,
13226,
13225,
13228,
0,
13224,
13223,
13231,
13220,
13219,
13218,
0,
13246,
13245,
13237,
13248,
13243,
13242,
13241,
13244,
0,
13240,
13239,
13247,
13236,
13235,
13234,
0,
13262,
13261,
13253,
13264,
13259,
13258,
13257,
13260,
0,
13256,
13255,
13263,
13252,
13251,
13250,
0,
13278,
13277,
13269,
13280,
13275,
13274,
13273,
13276,
0,
13272,
13271,
13279,
13268,
13267,
13266,
0,
13294,
13293,
13285,
13296,
13291,
13290,
13289,
13292,
0,
13288,
13287,
13295,
13284,
13283,
13282,
0,
13310,
13309,
13301,
13312,
13307,
13306,
13305,
13308,
0,
13304,
13303,
13311,
13300,
13299,
13298,
0,
13326,
13325,
13317,
13328,
13323,
13322,
13321,
13324,
0,
13320,
13319,
13327,
13316,
13315,
13314,
0,
13342,
13341,
13333,
13344,
13339,
13338,
13337,
13340,
0,
13336,
13335,
13343,
13332,
13331,
13330,
0,
13358,
13357,
13349,
13360,
13355,
13354,
13353,
13356,
0,
13352,
13351,
13359,
13348,
13347,
13346,
0,
13374,
13373,
13365,
13376,
13371,
13370,
13369,
13372,
0,
13368,
13367,
13375,
13364,
13363,
13362,
0,
13390,
13389,
13381,
13392,
13387,
13386,
13385,
13388,
0,
13384,
13383,
13391,
13380,
13379,
13378,
0,
13406,
13405,
13397,
13408,
13403,
13402,
13401,
13404,
0,
13400,
13399,
13407,
13396,
13395,
13394,
0,
13422,
13421,
13413,
13424,
13419,
13418,
13417,
13420,
0,
13416,
13415,
13423,
13412,
13411,
13410,
0,
13438,
13437,
13429,
13440,
13435,
13434,
13433,
13436,
0,
13432,
13431,
13439,
13428,
13427,
13426,
0,
13454,
13453,
13445,
13456,
13451,
13450,
13449,
13452,
0,
13448,
13447,
13455,
13444,
13443,
13442,
0,
13470,
13469,
13461,
13472,
13467,
13466,
13465,
13468,
0,
13464,
13463,
13471,
13460,
13459,
13458,
0,
13486,
13485,
13477,
13488,
13483,
13482,
13481,
13484,
0,
13480,
13479,
13487,
13476,
13475,
13474,
0,
13502,
13501,
13493,
13504,
13499,
13498,
13497,
13500,
0,
13496,
13495,
13503,
13492,
13491,
13490,
0,
13518,
13517,
13509,
13520,
13515,
13514,
13513,
13516,
0,
13512,
13511,
13519,
13508,
13507,
13506,
0,
13534,
13533,
13525,
13536,
13531,
13530,
13529,
13532,
0,
13528,
13527,
13535,
13524,
13523,
13522,
0,
13550,
13549,
13541,
13552,
13547,
13546,
13545,
13548,
0,
13544,
13543,
13551,
13540,
13539,
13538,
0,
13566,
13565,
13557,
13568,
13563,
13562,
13561,
13564,
0,
13560,
13559,
13567,
13556,
13555,
13554,
0,
13582,
13581,
13573,
13584,
13579,
13578,
13577,
13580,
0,
13576,
13575,
13583,
13572,
13571,
13570,
0,
13598,
13597,
13589,
13600,
13595,
13594,
13593,
13596,
0,
13592,
13591,
13599,
13588,
13587,
13586,
0,
13614,
13613,
13605,
13616,
13611,
13610,
13609,
13612,
0,
13608,
13607,
13615,
13604,
13603,
13602,
0,
13630,
13629,
13621,
13632,
13627,
13626,
13625,
13628,
0,
13624,
13623,
13631,
13620,
13619,
13618,
0,
13646,
13645,
13637,
13648,
13643,
13642,
13641,
13644,
0,
13640,
13639,
13647,
13636,
13635,
13634,
0,
13662,
13661,
13653,
13664,
13659,
13658,
13657,
13660,
0,
13656,
13655,
13663,
13652,
13651,
13650,
0,
13678,
13677,
13669,
13680,
13675,
13674,
13673,
13676,
0,
13672,
13671,
13679,
13668,
13667,
13666,
0,
13694,
13693,
13685,
13696,
13691,
13690,
13689,
13692,
0,
13688,
13687,
13695,
13684,
13683,
13682,
0,
13710,
13709,
13701,
13712,
13707,
13706,
13705,
13708,
0,
13704,
13703,
13711,
13700,
13699,
13698,
0,
13726,
13725,
13717,
13728,
13723,
13722,
13721,
13724,
0,
13720,
13719,
13727,
13716,
13715,
13714,
0,
13742,
13741,
13733,
13744,
13739,
13738,
13737,
13740,
0,
13736,
13735,
13743,
13732,
13731,
13730,
0,
13758,
13757,
13749,
13760,
13755,
13754,
13753,
13756,
0,
13752,
13751,
13759,
13748,
13747,
13746,
0,
13774,
13773,
13765,
13776,
13771,
13770,
13769,
13772,
0,
13768,
13767,
13775,
13764,
13763,
13762,
0,
13790,
13789,
13781,
13792,
13787,
13786,
13785,
13788,
0,
13784,
13783,
13791,
13780,
13779,
13778,
0,
13806,
13805,
13797,
13808,
13803,
13802,
13801,
13804,
0,
13800,
13799,
13807,
13796,
13795,
13794,
0,
13822,
13821,
13813,
13824,
13819,
13818,
13817,
13820,
0,
13816,
13815,
13823,
13812,
13811,
13810,
0,
13838,
13837,
13829,
13840,
13835,
13834,
13833,
13836,
0,
13832,
13831,
13839,
13828,
13827,
13826,
0,
13854,
13853,
13845,
13856,
13851,
13850,
13849,
13852,
0,
13848,
13847,
13855,
13844,
13843,
13842,
0,
13870,
13869,
13861,
13872,
13867,
13866,
13865,
13868,
0,
13864,
13863,
13871,
13860,
13859,
13858,
0,
13886,
13885,
13877,
13888,
13883,
13882,
13881,
13884,
0,
13880,
13879,
13887,
13876,
13875,
13874,
0,
13902,
13901,
13893,
13904,
13899,
13898,
13897,
13900,
0,
13896,
13895,
13903,
13892,
13891,
13890,
0,
13918,
13917,
13909,
13920,
13915,
13914,
13913,
13916,
0,
13912,
13911,
13919,
13908,
13907,
13906,
0,
13934,
13933,
13925,
13936,
13931,
13930,
13929,
13932,
0,
13928,
13927,
13935,
13924,
13923,
13922,
0,
13950,
13949,
13941,
13952,
13947,
13946,
13945,
13948,
0,
13944,
13943,
13951,
13940,
13939,
13938,
0,
13966,
13965,
13957,
13968,
13963,
13962,
13961,
13964,
0,
13960,
13959,
13967,
13956,
13955,
13954,
0,
13982,
13981,
13973,
13984,
13979,
13978,
13977,
13980,
0,
13976,
13975,
13983,
13972,
13971,
13970,
0,
13998,
13997,
13989,
14000,
13995,
13994,
13993,
13996,
0,
13992,
13991,
13999,
13988,
13987,
13986,
0,
14014,
14013,
14005,
14016,
14011,
14010,
14009,
14012,
0,
14008,
14007,
14015,
14004,
14003,
14002,
0,
14030,
14029,
14021,
14032,
14027,
14026,
14025,
14028,
0,
14024,
14023,
14031,
14020,
14019,
14018,
0,
14046,
14045,
14037,
14048,
14043,
14042,
14041,
14044,
0,
14040,
14039,
14047,
14036,
14035,
14034,
0,
14062,
14061,
14053,
14064,
14059,
14058,
14057,
14060,
0,
14056,
14055,
14063,
14052,
14051,
14050,
0,
14078,
14077,
14069,
14080,
14075,
14074,
14073,
14076,
0,
14072,
14071,
14079,
14068,
14067,
14066,
0,
14094,
14093,
14085,
14096,
14091,
14090,
14089,
14092,
0,
14088,
14087,
14095,
14084,
14083,
14082,
0,
14110,
14109,
14101,
14112,
14107,
14106,
14105,
14108,
0,
14104,
14103,
14111,
14100,
14099,
14098,
0,
14126,
14125,
14117,
14128,
14123,
14122,
14121,
14124,
0,
14120,
14119,
14127,
14116,
14115,
14114,
0,
14142,
14141,
14133,
14144,
14139,
14138,
14137,
14140,
0,
14136,
14135,
14143,
14132,
14131,
14130,
0,
14158,
14157,
14149,
14160,
14155,
14154,
14153,
14156,
0,
14152,
14151,
14159,
14148,
14147,
14146,
0,
14174,
14173,
14165,
14176,
14171,
14170,
14169,
14172,
0,
14168,
14167,
14175,
14164,
14163,
14162,
0,
14190,
14189,
14181,
14192,
14187,
14186,
14185,
14188,
0,
14184,
14183,
14191,
14180,
14179,
14178,
0,
14206,
14205,
14197,
14208,
14203,
14202,
14201,
14204,
0,
14200,
14199,
14207,
14196,
14195,
14194,
0,
14222,
14221,
14213,
14224,
14219,
14218,
14217,
14220,
0,
14216,
14215,
14223,
14212,
14211,
14210,
0,
14238,
14237,
14229,
14240,
14235,
14234,
14233,
14236,
0,
14232,
14231,
14239,
14228,
14227,
14226,
0,
14254,
14253,
14245,
14256,
14251,
14250,
14249,
14252,
0,
14248,
14247,
14255,
14244,
14243,
14242,
0,
14270,
14269,
14261,
14272,
14267,
14266,
14265,
14268,
0,
14264,
14263,
14271,
14260,
14259,
14258,
0,
14286,
14285,
14277,
14288,
14283,
14282,
14281,
14284,
0,
14280,
14279,
14287,
14276,
14275,
14274,
0,
14302,
14301,
14293,
14304,
14299,
14298,
14297,
14300,
0,
14296,
14295,
14303,
14292,
14291,
14290,
0,
14318,
14317,
14309,
14320,
14315,
14314,
14313,
14316,
0,
14312,
14311,
14319,
14308,
14307,
14306,
0,
14334,
14333,
14325,
14336,
14331,
14330,
14329,
14332,
0,
14328,
14327,
14335,
14324,
14323,
14322,
0,
14350,
14349,
14341,
14352,
14347,
14346,
14345,
14348,
0,
14344,
14343,
14351,
14340,
14339,
14338,
0,
14366,
14365,
14357,
14368,
14363,
14362,
14361,
14364,
0,
14360,
14359,
14367,
14356,
14355,
14354,
0,
14382,
14381,
14373,
14384,
14379,
14378,
14377,
14380,
0,
14376,
14375,
14383,
14372,
14371,
14370,
0,
14398,
14397,
14389,
14400,
14395,
14394,
14393,
14396,
0,
14392,
14391,
14399,
14388,
14387,
14386,
0,
14414,
14413,
14405,
14416,
14411,
14410,
14409,
14412,
0,
14408,
14407,
14415,
14404,
14403,
14402,
0,
14430,
14429,
14421,
14432,
14427,
14426,
14425,
14428,
0,
14424,
14423,
14431,
14420,
14419,
14418,
0,
14446,
14445,
14437,
14448,
14443,
14442,
14441,
14444,
0,
14440,
14439,
14447,
14436,
14435,
14434,
0,
14462,
14461,
14453,
14464,
14459,
14458,
14457,
14460,
0,
14456,
14455,
14463,
14452,
14451,
14450,
0,
14478,
14477,
14469,
14480,
14475,
14474,
14473,
14476,
0,
14472,
14471,
14479,
14468,
14467,
14466,
0,
14494,
14493,
14485,
14496,
14491,
14490,
14489,
14492,
0,
14488,
14487,
14495,
14484,
14483,
14482,
0,
14510,
14509,
14501,
14512,
14507,
14506,
14505,
14508,
0,
14504,
14503,
14511,
14500,
14499,
14498,
0,
14526,
14525,
14517,
14528,
14523,
14522,
14521,
14524,
0,
14520,
14519,
14527,
14516,
14515,
14514,
0,
14542,
14541,
14533,
14544,
14539,
14538,
14537,
14540,
0,
14536,
14535,
14543,
14532,
14531,
14530,
0,
14558,
14557,
14549,
14560,
14555,
14554,
14553,
14556,
0,
14552,
14551,
14559,
14548,
14547,
14546,
0,
14574,
14573,
14565,
14576,
14571,
14570,
14569,
14572,
0,
14568,
14567,
14575,
14564,
14563,
14562,
0,
14590,
14589,
14581,
14592,
14587,
14586,
14585,
14588,
0,
14584,
14583,
14591,
14580,
14579,
14578,
0,
14606,
14605,
14597,
14608,
14603,
14602,
14601,
14604,
0,
14600,
14599,
14607,
14596,
14595,
14594,
0,
14622,
14621,
14613,
14624,
14619,
14618,
14617,
14620,
0,
14616,
14615,
14623,
14612,
14611,
14610,
0,
14638,
14637,
14629,
14640,
14635,
14634,
14633,
14636,
0,
14632,
14631,
14639,
14628,
14627,
14626,
0,
14654,
14653,
14645,
14656,
14651,
14650,
14649,
14652,
0,
14648,
14647,
14655,
14644,
14643,
14642,
0,
14670,
14669,
14661,
14672,
14667,
14666,
14665,
14668,
0,
14664,
14663,
14671,
14660,
14659,
14658,
0,
14686,
14685,
14677,
14688,
14683,
14682,
14681,
14684,
0,
14680,
14679,
14687,
14676,
14675,
14674,
0,
14702,
14701,
14693,
14704,
14699,
14698,
14697,
14700,
0,
14696,
14695,
14703,
14692,
14691,
14690,
0,
14718,
14717,
14709,
14720,
14715,
14714,
14713,
14716,
0,
14712,
14711,
14719,
14708,
14707,
14706,
0,
14734,
14733,
14725,
14736,
14731,
14730,
14729,
14732,
0,
14728,
14727,
14735,
14724,
14723,
14722,
0,
14750,
14749,
14741,
14752,
14747,
14746,
14745,
14748,
0,
14744,
14743,
14751,
14740,
14739,
14738,
0,
14766,
14765,
14757,
14768,
14763,
14762,
14761,
14764,
0,
14760,
14759,
14767,
14756,
14755,
14754,
0,
14782,
14781,
14773,
14784,
14779,
14778,
14777,
14780,
0,
14776,
14775,
14783,
14772,
14771,
14770,
0,
14798,
14797,
14789,
14800,
14795,
14794,
14793,
14796,
0,
14792,
14791,
14799,
14788,
14787,
14786,
0,
14814,
14813,
14805,
14816,
14811,
14810,
14809,
14812,
0,
14808,
14807,
14815,
14804,
14803,
14802,
0,
14830,
14829,
14821,
14832,
14827,
14826,
14825,
14828,
0,
14824,
14823,
14831,
14820,
14819,
14818,
0,
14846,
14845,
14837,
14848,
14843,
14842,
14841,
14844,
0,
14840,
14839,
14847,
14836,
14835,
14834,
0,
14862,
14861,
14853,
14864,
14859,
14858,
14857,
14860,
0,
14856,
14855,
14863,
14852,
14851,
14850,
0,
14878,
14877,
14869,
14880,
14875,
14874,
14873,
14876,
0,
14872,
14871,
14879,
14868,
14867,
14866,
0,
14894,
14893,
14885,
14896,
14891,
14890,
14889,
14892,
0,
14888,
14887,
14895,
14884,
14883,
14882,
0,
14910,
14909,
14901,
14912,
14907,
14906,
14905,
14908,
0,
14904,
14903,
14911,
14900,
14899,
14898,
0,
14926,
14925,
14917,
14928,
14923,
14922,
14921,
14924,
0,
14920,
14919,
14927,
14916,
14915,
14914,
0,
14942,
14941,
14933,
14944,
14939,
14938,
14937,
14940,
0,
14936,
14935,
14943,
14932,
14931,
14930,
0,
14958,
14957,
14949,
14960,
14955,
14954,
14953,
14956,
0,
14952,
14951,
14959,
14948,
14947,
14946,
0,
14974,
14973,
14965,
14976,
14971,
14970,
14969,
14972,
0,
14968,
14967,
14975,
14964,
14963,
14962,
0,
14990,
14989,
14981,
14992,
14987,
14986,
14985,
14988,
0,
14984,
14983,
14991,
14980,
14979,
14978,
0,
15006,
15005,
14997,
15008,
15003,
15002,
15001,
15004,
0,
15000,
14999,
15007,
14996,
14995,
14994,
0,
15022,
15021,
15013,
15024,
15019,
15018,
15017,
15020,
0,
15016,
15015,
15023,
15012,
15011,
15010,
0,
15038,
15037,
15029,
15040,
15035,
15034,
15033,
15036,
0,
15032,
15031,
15039,
15028,
15027,
15026,
0,
15054,
15053,
15045,
15056,
15051,
15050,
15049,
15052,
0,
15048,
15047,
15055,
15044,
15043,
15042,
0,
15070,
15069,
15061,
15072,
15067,
15066,
15065,
15068,
0,
15064,
15063,
15071,
15060,
15059,
15058,
0,
15086,
15085,
15077,
15088,
15083,
15082,
15081,
15084,
0,
15080,
15079,
15087,
15076,
15075,
15074,
0,
15102,
15101,
15093,
15104,
15099,
15098,
15097,
15100,
0,
15096,
15095,
15103,
15092,
15091,
15090,
0,
15118,
15117,
15109,
15120,
15115,
15114,
15113,
15116,
0,
15112,
15111,
15119,
15108,
15107,
15106,
0,
15134,
15133,
15125,
15136,
15131,
15130,
15129,
15132,
0,
15128,
15127,
15135,
15124,
15123,
15122,
0,
15150,
15149,
15141,
15152,
15147,
15146,
15145,
15148,
0,
15144,
15143,
15151,
15140,
15139,
15138,
0,
15166,
15165,
15157,
15168,
15163,
15162,
15161,
15164,
0,
15160,
15159,
15167,
15156,
15155,
15154,
0,
15182,
15181,
15173,
15184,
15179,
15178,
15177,
15180,
0,
15176,
15175,
15183,
15172,
15171,
15170,
0,
15198,
15197,
15189,
15200,
15195,
15194,
15193,
15196,
0,
15192,
15191,
15199,
15188,
15187,
15186,
0,
15214,
15213,
15205,
15216,
15211,
15210,
15209,
15212,
0,
15208,
15207,
15215,
15204,
15203,
15202,
0,
15230,
15229,
15221,
15232,
15227,
15226,
15225,
15228,
0,
15224,
15223,
15231,
15220,
15219,
15218,
0,
15246,
15245,
15237,
15248,
15243,
15242,
15241,
15244,
0,
15240,
15239,
15247,
15236,
15235,
15234,
0,
15262,
15261,
15253,
15264,
15259,
15258,
15257,
15260,
0,
15256,
15255,
15263,
15252,
15251,
15250,
0,
15278,
15277,
15269,
15280,
15275,
15274,
15273,
15276,
0,
15272,
15271,
15279,
15268,
15267,
15266,
0,
15294,
15293,
15285,
15296,
15291,
15290,
15289,
15292,
0,
15288,
15287,
15295,
15284,
15283,
15282,
0,
15310,
15309,
15301,
15312,
15307,
15306,
15305,
15308,
0,
15304,
15303,
15311,
15300,
15299,
15298,
0,
15326,
15325,
15317,
15328,
15323,
15322,
15321,
15324,
0,
15320,
15319,
15327,
15316,
15315,
15314,
0,
15342,
15341,
15333,
15344,
15339,
15338,
15337,
15340,
0,
15336,
15335,
15343,
15332,
15331,
15330,
0,
15358,
15357,
15349,
15360,
15355,
15354,
15353,
15356,
0,
15352,
15351,
15359,
15348,
15347,
15346,
0,
15374,
15373,
15365,
15376,
15371,
15370,
15369,
15372,
0,
15368,
15367,
15375,
15364,
15363,
15362,
0,
15390,
15389,
15381,
15392,
15387,
15386,
15385,
15388,
0,
15384,
15383,
15391,
15380,
15379,
15378,
0,
15406,
15405,
15397,
15408,
15403,
15402,
15401,
15404,
0,
15400,
15399,
15407,
15396,
15395,
15394,
0,
15422,
15421,
15413,
15424,
15419,
15418,
15417,
15420,
0,
15416,
15415,
15423,
15412,
15411,
15410,
0,
15438,
15437,
15429,
15440,
15435,
15434,
15433,
15436,
0,
15432,
15431,
15439,
15428,
15427,
15426,
0,
15454,
15453,
15445,
15456,
15451,
15450,
15449,
15452,
0,
15448,
15447,
15455,
15444,
15443,
15442,
0,
15470,
15469,
15461,
15472,
15467,
15466,
15465,
15468,
0,
15464,
15463,
15471,
15460,
15459,
15458,
0,
15486,
15485,
15477,
15488,
15483,
15482,
15481,
15484,
0,
15480,
15479,
15487,
15476,
15475,
15474,
0,
15502,
15501,
15493,
15504,
15499,
15498,
15497,
15500,
0,
15496,
15495,
15503,
15492,
15491,
15490,
0,
15518,
15517,
15509,
15520,
15515,
15514,
15513,
15516,
0,
15512,
15511,
15519,
15508,
15507,
15506,
0,
15534,
15533,
15525,
15536,
15531,
15530,
15529,
15532,
0,
15528,
15527,
15535,
15524,
15523,
15522,
0,
15550,
15549,
15541,
15552,
15547,
15546,
15545,
15548,
0,
15544,
15543,
15551,
15540,
15539,
15538,
0,
15566,
15565,
15557,
15568,
15563,
15562,
15561,
15564,
0,
15560,
15559,
15567,
15556,
15555,
15554,
0,
15582,
15581,
15573,
15584,
15579,
15578,
15577,
15580,
0,
15576,
15575,
15583,
15572,
15571,
15570,
0,
15598,
15597,
15589,
15600,
15595,
15594,
15593,
15596,
0,
15592,
15591,
15599,
15588,
15587,
15586,
0,
15614,
15613,
15605,
15616,
15611,
15610,
15609,
15612,
0,
15608,
15607,
15615,
15604,
15603,
15602,
0,
15630,
15629,
15621,
15632,
15627,
15626,
15625,
15628,
0,
15624,
15623,
15631,
15620,
15619,
15618,
0,
15646,
15645,
15637,
15648,
15643,
15642,
15641,
15644,
0,
15640,
15639,
15647,
15636,
15635,
15634,
0,
15662,
15661,
15653,
15664,
15659,
15658,
15657,
15660,
0,
15656,
15655,
15663,
15652,
15651,
15650,
0,
15678,
15677,
15669,
15680,
15675,
15674,
15673,
15676,
0,
15672,
15671,
15679,
15668,
15667,
15666,
0,
15694,
15693,
15685,
15696,
15691,
15690,
15689,
15692,
0,
15688,
15687,
15695,
15684,
15683,
15682,
0,
15710,
15709,
15701,
15712,
15707,
15706,
15705,
15708,
0,
15704,
15703,
15711,
15700,
15699,
15698,
0,
15726,
15725,
15717,
15728,
15723,
15722,
15721,
15724,
0,
15720,
15719,
15727,
15716,
15715,
15714,
0,
15742,
15741,
15733,
15744,
15739,
15738,
15737,
15740,
0,
15736,
15735,
15743,
15732,
15731,
15730,
0,
15758,
15757,
15749,
15760,
15755,
15754,
15753,
15756,
0,
15752,
15751,
15759,
15748,
15747,
15746,
0,
15774,
15773,
15765,
15776,
15771,
15770,
15769,
15772,
0,
15768,
15767,
15775,
15764,
15763,
15762,
0,
15790,
15789,
15781,
15792,
15787,
15786,
15785,
15788,
0,
15784,
15783,
15791,
15780,
15779,
15778,
0,
15806,
15805,
15797,
15808,
15803,
15802,
15801,
15804,
0,
15800,
15799,
15807,
15796,
15795,
15794,
0,
15822,
15821,
15813,
15824,
15819,
15818,
15817,
15820,
0,
15816,
15815,
15823,
15812,
15811,
15810,
0,
15838,
15837,
15829,
15840,
15835,
15834,
15833,
15836,
0,
15832,
15831,
15839,
15828,
15827,
15826,
0,
15854,
15853,
15845,
15856,
15851,
15850,
15849,
15852,
0,
15848,
15847,
15855,
15844,
15843,
15842,
0,
15870,
15869,
15861,
15872,
15867,
15866,
15865,
15868,
0,
15864,
15863,
15871,
15860,
15859,
15858,
0,
15886,
15885,
15877,
15888,
15883,
15882,
15881,
15884,
0,
15880,
15879,
15887,
15876,
15875,
15874,
0,
15902,
15901,
15893,
15904,
15899,
15898,
15897,
15900,
0,
15896,
15895,
15903,
15892,
15891,
15890,
0,
15918,
15917,
15909,
15920,
15915,
15914,
15913,
15916,
0,
15912,
15911,
15919,
15908,
15907,
15906,
0,
15934,
15933,
15925,
15936,
15931,
15930,
15929,
15932,
0,
15928,
15927,
15935,
15924,
15923,
15922,
0,
15950,
15949,
15941,
15952,
15947,
15946,
15945,
15948,
0,
15944,
15943,
15951,
15940,
15939,
15938,
0,
15966,
15965,
15957,
15968,
15963,
15962,
15961,
15964,
0,
15960,
15959,
15967,
15956,
15955,
15954,
0,
15982,
15981,
15973,
15984,
15979,
15978,
15977,
15980,
0,
15976,
15975,
15983,
15972,
15971,
15970,
0,
15998,
15997,
15989,
16000,
15995,
15994,
15993,
15996,
0,
15992,
15991,
15999,
15988,
15987,
15986,
0,
16014,
16013,
16005,
16016,
16011,
16010,
16009,
16012,
0,
16008,
16007,
16015,
16004,
16003,
16002,
0,
16030,
16029,
16021,
16032,
16027,
16026,
16025,
16028,
0,
16024,
16023,
16031,
16020,
16019,
16018,
0,
16046,
16045,
16037,
16048,
16043,
16042,
16041,
16044,
0,
16040,
16039,
16047,
16036,
16035,
16034,
0,
16062,
16061,
16053,
16064,
16059,
16058,
16057,
16060,
0,
16056,
16055,
16063,
16052,
16051,
16050,
0,
16078,
16077,
16069,
16080,
16075,
16074,
16073,
16076,
0,
16072,
16071,
16079,
16068,
16067,
16066,
0,
16094,
16093,
16085,
16096,
16091,
16090,
16089,
16092,
0,
16088,
16087,
16095,
16084,
16083,
16082,
0,
16110,
16109,
16101,
16112,
16107,
16106,
16105,
16108,
0,
16104,
16103,
16111,
16100,
16099,
16098,
0,
16126,
16125,
16117,
16128,
16123,
16122,
16121,
16124,
0,
16120,
16119,
16127,
16116,
16115,
16114,
0,
16142,
16141,
16133,
16144,
16139,
16138,
16137,
16140,
0,
16136,
16135,
16143,
16132,
16131,
16130,
0,
16158,
16157,
16149,
16160,
16155,
16154,
16153,
16156,
0,
16152,
16151,
16159,
16148,
16147,
16146,
0,
16174,
16173,
16165,
16176,
16171,
16170,
16169,
16172,
0,
16168,
16167,
16175,
16164,
16163,
16162,
0,
16190,
16189,
16181,
16192,
16187,
16186,
16185,
16188,
0,
16184,
16183,
16191,
16180,
16179,
16178,
0,
16206,
16205,
16197,
16208,
16203,
16202,
16201,
16204,
0,
16200,
16199,
16207,
16196,
16195,
16194,
0,
16222,
16221,
16213,
16224,
16219,
16218,
16217,
16220,
0,
16216,
16215,
16223,
16212,
16211,
16210,
0,
16238,
16237,
16229,
16240,
16235,
16234,
16233,
16236,
0,
16232,
16231,
16239,
16228,
16227,
16226,
0,
16254,
16253,
16245,
16256,
16251,
16250,
16249,
16252,
0,
16248,
16247,
16255,
16244,
16243,
16242,
0,
16270,
16269,
16261,
16272,
16267,
16266,
16265,
16268,
0,
16264,
16263,
16271,
16260,
16259,
16258,
0,
16286,
16285,
16277,
16288,
16283,
16282,
16281,
16284,
0,
16280,
16279,
16287,
16276,
16275,
16274,
0,
16302,
16301,
16293,
16304,
16299,
16298,
16297,
16300,
0,
16296,
16295,
16303,
16292,
16291,
16290,
0,
16318,
16317,
16309,
16320,
16315,
16314,
16313,
16316,
0,
16312,
16311,
16319,
16308,
16307,
16306,
0,
16334,
16333,
16325,
16336,
16331,
16330,
16329,
16332,
0,
16328,
16327,
16335,
16324,
16323,
16322,
0,
16350,
16349,
16341,
16352,
16347,
16346,
16345,
16348,
0,
16344,
16343,
16351,
16340,
16339,
16338,
0,
16366,
16365,
16357,
16368,
16363,
16362,
16361,
16364,
0,
16360,
16359,
16367,
16356,
16355,
16354,
0,
16382,
16381,
16373,
16384,
16379,
16378,
16377,
16380,
0,
16376,
16375,
16383,
16372,
16371,
16370,
};