B = {
236,
136,
158,
35,
59,
210,
166,
182,
216,
111,
93,
145,
11,
218,
18,
197,
231,
118,
198,
59,
77,
59,
215,
71,
101,
83,
231,
226,
242,
119,
180,
222,
0,
82,
1,
59,
36,
167,
241,
252,
23,
79,
142,
34,
41,
160,
231,
16,
23,
173,
76,
100,
232,
35,
171,
78,
118,
147,
48,
104,
10,
228,
70,
10,
54,
72,
70,
90,
239,
55,
87,
6,
134,
229,
40,
176,
133,
16,
192,
156,
189,
12,
1,
166,
47,
172,
244,
166,
63,
36,
14,
74,
8,
85,
84,
62,
157,
154,
152,
140,
210,
239,
147,
88,
212,
187,
8,
90,
203,
201,
246,
137,
213,
247,
47,
5,
164,
35,
171,
227,
71,
185,
45,
79,
14,
130,
141,
171,
28,
37,
56,
238,
21,
203,
71,
233,
134,
79,
67,
82,
24,
58,
219,
238,
49,
10,
243,
213,
45,
158,
185,
116,
87,
230,
195,
102,
104,
80,
17,
133,
117,
73,
115,
138,
20,
186,
116,
155,
10,
183,
237,
34,
241,
200,
16,
35,
210,
3,
248,
255,
161,
177,
115,
249,
152,
54,
95,
0,
134,
112,
133,
251,
186,
249,
134,
206,
179,
250,
105,
189,
177,
86,
224,
163,
30,
240,
198,
240,
244,
190,
239,
149,
112,
98,
142,
8,
152,
237,
8,
30,
94,
142,
26,
24,
135,
160,
230,
58,
154,
80,
248,
75,
166,
216,
238,
197,
200,
180,
181,
188,
115,
165,
82,
227,
7,
224,
235,
160,
206,
243,
190,
44,
129,
216,
68,
8,
120,
42,
67,
18,
122,
59,
94,
33,
19,
76,
230,
219,
1,
155,
152,
116,
64,
234,
87,
72,
202,
66,
232,
152,
53,
166,
196,
183,
127,
8,
191,
247,
51,
2,
10,
173,
61,
104,
206,
80,
180,
180,
44,
181,
80,
196,
41,
144,
174,
128,
216,
120,
194,
192,
17,
248,
103,
213,
175,
230,
222,
110,
221,
17,
113,
231,
190,
174,
79,
141,
255,
4,
65,
43,
185,
145,
239,
227,
34,
157,
99,
250,
21,
38,
187,
38,
30,
34,
252,
205,
8,
218,
59,
229,
235,
172,
205,
169,
91,
28,
54,
90,
32,
120,
133,
218,
9,
116,
189,
43,
17,
32,
38,
38,
70,
225,
77,
100,
3,
73,
49,
11,
35,
109,
240,
14,
25,
189,
183,
116,
218,
238,
206,
250,
102,
83,
212,
111,
199,
145,
155,
216,
178,
193,
255,
248,
162,
76,
93,
165,
149,
142,
176,
184,
251,
160,
198,
21,
94,
125,
137,
56,
107,
88,
50,
209,
171,
7,
65,
115,
152,
220,
75,
74,
157,
74,
67,
63,
150,
160,
228,
43,
46,
148,
227,
42,
52,
169,
63,
146,
39,
200,
202,
146,
32,
253,
100,
204,
4,
165,
63,
156,
129,
138,
231,
30,
213,
42,
93,
107,
202,
65,
151,
248,
213,
122,
34,
9,
36,
97,
156,
75,
42,
102,
221,
74,
99,
65,
22,
103,
230,
85,
4,
103,
224,
235,
133,
181,
21,
226,
32,
223,
35,
183,
215,
248,
50,
250,
2,
86,
91,
158,
161,
133,
4,
126,
208,
104,
192,
230,
207,
166,
60,
211,
14,
28,
190,
147,
209,
211,
118,
241,
178,
153,
169,
138,
146,
219,
132,
148,
49,
223,
50,
210,
101,
54,
80,
53,
158,
16,
27,
110,
183,
87,
65,
197,
115,
0,
88,
68,
211,
206,
54,
134,
104,
223,
16,
250,
186,
148,
142,
235,
115,
192,
189,
216,
246,
13,
13,
149,
30,
41,
3,
213,
128,
68,
154,
244,
68,
242,
56,
24,
193,
110,
158,
41,
77,
174,
35,
7,
66,
177,
242,
181,
113,
175,
142,
103,
189,
155,
252,
219,
196,
255,
176,
69,
68,
74,
57,
136,
60,
113,
160,
253,
224,
62,
38,
45,
236,
73,
53,
46,
250,
39,
228,
107,
215,
114,
211,
148,
13,
207,
111,
210,
207,
31,
23,
19,
105,
80,
155,
165,
193,
60,
163,
161,
122,
201,
207,
103,
19,
4,
149,
13,
43,
121,
121,
2,
235,
76,
150,
249,
27,
5,
203,
234,
36,
226,
253,
141,
50,
153,
51,
243,
213,
214,
149,
79,
159,
100,
182,
178,
104,
76,
192,
147,
197,
57,
150,
177,
133,
44,
170,
160,
50,
117,
139,
86,
87,
136,
228,
137,
33,
23,
124,
246,
237,
17,
70,
140,
117,
252,
63,
221,
72,
255,
113,
14,
56,
7,
191,
189,
51,
105,
93,
101,
222,
232,
188,
53,
113,
160,
190,
146,
183,
58,
137,
164,
76,
207,
48,
193,
203,
111,
159,
20,
110,
16,
34,
166,
23,
225,
99,
74,
74,
193,
176,
40,
169,
108,
93,
26,
12,
27,
173,
195,
85,
54,
103,
161,
5,
151,
99,
208,
7,
2,
228,
117,
18,
6,
28,
41,
231,
127,
115,
49,
64,
35,
89,
234,
143,
182,
4,
155,
209,
177,
94,
39,
231,
197,
200,
236,
93,
43,
189,
100,
45,
161,
217,
63,
168,
245,
104,
143,
117,
220,
193,
181,
255,
26,
159,
143,
209,
164,
42,
162,
85,
137,
201,
61,
78,
146,
41,
171,
189,
230,
15,
235,
136,
233,
42,
48,
222,
147,
191,
83,
111,
128,
9,
110,
155,
168,
253,
108,
76,
40,
14,
162,
177,
216,
223,
255,
106,
8,
171,
39,
239,
186,
18,
119,
163,
61,
167,
130,
208,
102,
213,
63,
231,
222,
173,
130,
135,
171,
238,
211,
211,
252,
117,
132,
212,
84,
131,
62,
93,
46,
102,
76,
233,
120,
195,
140,
181,
106,
14,
133,
208,
228,
196,
183,
194,
114,
57,
73,
29,
39,
29,
240,
36,
146,
116,
248,
231,
247,
55,
68,
38,
157,
144,
15,
21,
83,
155,
203,
189,
170,
80,
141,
142,
21,
69,
80,
135,
126,
154,
164,
166,
183,
148,
202,
73,
8,
194,
48,
255,
249,
116,
37,
150,
4,
52,
172,
87,
208,
119,
20,
122,
199,
162,
8,
220,
231,
88,
99,
101,
242,
7,
11,
169,
155,
213,
243,
163,
152,
35,
163,
145,
152,
200,
40,
156,
253,
212,
244,
205,
75,
8,
71,
18,
170,
79,
239,
145,
167,
82,
247,
154,
90,
2,
67,
245,
216,
54,
153,
112,
90,
60,
1,
242,
4,
41,
142,
1,
253,
130,
206,
72,
139,
21,
91,
53,
100,
74,
199,
12,
156,
190,
166,
246,
192,
233,
236,
152,
32,
133,
8,
122,
193,
10,
108,
197,
51,
250,
199,
49,
125,
149,
121,
8,
171,
212,
61,
15,
30,
4,
27,
187,
194,
193,
177,
131,
171,
157,
27,
203,
34,
36,
69,
227,
46,
177,
169,
97,
171,
112,
146,
40,
5,
12,
48,
176,
224,
110,
192,
255,
114,
219,
186,
53,
157,
107,
184,
72,
9,
211,
19,
43,
247,
88,
15,
37,
9,
184,
135,
180,
40,
25,
221,
45,
37,
13,
222,
6,
123,
158,
5,
238,
121,
191,
35,
22,
42,
219,
94,
51,
174,
113,
95,
166,
201,
110,
203,
210,
38,
82,
135,
78,
108,
100,
123,
145,
113,
89,
151,
237,
247,
156,
219,
113,
91,
254,
135,
134,
217,
230,
185,
135,
87,
24,
45,
33,
134,
249,
243,
172,
75,
122,
250,
183,
222,
118,
73,
80,
207,
224,
61,
199,
125,
24,
56,
216,
22,
191,
94,
239,
165,
24,
118,
253,
48,
164,
30,
183,
157,
17,
99,
232,
140,
94,
160,
106,
212,
233,
186,
163,
201,
247,
106,
70,
15,
162,
31,
37,
98,
125,
20,
7,
149,
139,
4,
198,
47,
34,
125,
204,
52,
224,
180,
192,
62,
84,
42,
18,
61,
229,
182,
7,
220,
32,
77,
236,
195,
108,
17,
37,
234,
38,
44,
127,
177,
49,
69,
224,
83,
194,
172,
135,
163,
96,
71,
225,
181,
114,
244,
242,
87,
170,
249,
51,
202,
71,
31,
141,
179,
49,
178,
157,
87,
223,
29,
8,
16,
98,
232,
99,
37,
148,
235,
200,
244,
50,
169,
169,
164,
157,
156,
251,
71,
149,
47,
18,
220,
78,
159,
144,
127,
82,
45,
214,
49,
74,
222,
65,
173,
198,
164,
210,
90,
143,
154,
79,
194,
67,
248,
102,
225,
148,
98,
40,
42,
145,
58,
6,
223,
218,
150,
95,
44,
196,
53,
93,
14,
20,
158,
187,
218,
66,
141,
53,
210,
39,
132,
148,
107,
124,
250,
76,
17,
92,
116,
59,
237,
175,
65,
205,
137,
216,
44,
181,
156,
97,
18,
170,
117,
176,
102,
80,
242,
243,
133,
196,
27,
9,
88,
134,
133,
83,
210,
150,
175,
70,
209,
157,
245,
19,
106,
126,
235,
150,
51,
135,
247,
69,
49,
109,
245,
151,
189,
232,
139,
66,
172,
166,
75,
5,
44,
208,
88,
254,
103,
7,
68,
56,
164,
58,
75,
14,
184,
54,
164,
236,
189,
156,
49,
239,
9,
39,
134,
198,
15,
17,
8,
187,
183,
83,
192,
227,
35,
24,
225,
138,
32,
38,
195,
196,
96,
14,
211,
24,
69,
119,
4,
2,
19,
54,
241,
28,
93,
120,
226,
108,
137,
234,
39,
65,
61,
232,
36,
97,
0,
6,
235,
32,
44,
174,
229,
140,
189,
184,
164,
2,
47,
169,
4,
67,
223,
246,
95,
60,
110,
66,
168,
247,
44,
207,
56,
106,
183,
93,
203,
184,
99,
182,
216,
143,
101,
189,
27,
34,
117,
191,
36,
165,
104,
40,
232,
71,
30,
71,
131,
140,
137,
43,
132,
182,
251,
188,
32,
178,
25,
235,
106,
124,
161,
67,
11,
6,
0,
38,
40,
118,
230,
76,
27,
78,
117,
3,
150,
147,
74,
25,
32,
212,
69,
164,
138,
64,
96,
170,
242,
122,
149,
93,
246,
54,
160,
2,
61,
160,
40,
101,
22,
14,
178,
49,
93,
39,
52,
243,
186,
127,
12,
218,
83,
81,
126,
221,
145,
223,
135,
132,
89,
28,
225,
79,
82,
129,
81,
143,
33,
122,
245,
56,
136,
167,
105,
229,
206,
158,
216,
136,
29,
229,
99,
112,
54,
225,
77,
200,
192,
212,
76,
25,
240,
45,
105,
66,
174,
186,
210,
207,
52,
199,
7,
189,
110,
113,
162,
60,
15,
123,
196,
44,
96,
39,
156,
150,
9,
233,
94,
201,
189,
170,
227,
173,
215,
76,
239,
133,
6,
193,
85,
59,
136,
92,
248,
246,
205,
154,
50,
220,
21,
247,
8,
117,
30,
164,
12,
39,
141,
106,
241,
74,
21,
212,
247,
236,
32,
231,
114,
38,
168,
199,
97,
49,
35,
89,
39,
241,
244,
90,
205,
9,
81,
214,
127,
111,
122,
139,
151,
8,
245,
136,
82,
10,
92,
74,
247,
124,
49,
105,
162,
217,
48,
4,
10,
83,
93,
50,
68,
81,
140,
18,
91,
221,
232,
218,
76,
98,
101,
227,
106,
90,
107,
189,
101,
199,
7,
92,
67,
56,
197,
230,
17,
245,
234,
28,
72,
71,
78,
141,
153,
218,
159,
244,
183,
135,
206,
3,
233,
51,
231,
84,
141,
82,
17,
242,
26,
24,
78,
93,
80,
19,
67,
97,
8,
45,
125,
81,
117,
203,
222,
14,
165,
125,
2,
92,
4,
208,
96,
237,
3,
71,
65,
144,
153,
82,
131,
179,
106,
209,
17,
186,
229,
84,
28,
237,
130,
153,
62,
247,
101,
28,
5,
10,
153,
7,
103,
157,
215,
199,
139,
218,
14,
204,
106,
167,
31,
237,
91,
137,
191,
108,
68,
164,
192,
96,
145,
66,
249,
208,
57,
94,
236,
62,
105,
134,
69,
208,
35,
28,
151,
174,
246,
165,
123,
97,
76,
154,
78,
167,
35,
13,
19,
103,
177,
212,
199,
67,
22,
193,
19,
80,
31,
255,
142,
136,
133,
212,
88,
169,
240,
239,
87,
231,
148,
210,
72,
225,
108,
150,
136,
144,
164,
156,
247,
85,
112,
191,
152,
134,
128,
171,
214,
159,
171,
101,
40,
48,
57,
128,
217,
41,
112,
49,
16,
4,
3,
88,
229,
112,
239,
110,
0,
147,
10,
247,
232,
122,
182,
129,
0,
54,
44,
215,
214,
215,
60,
254,
8,
117,
126,
225,
158,
238,
18,
175,
243,
22,
7,
216,
134,
246,
70,
134,
137,
80,
125,
114,
202,
52,
243,
203,
106,
31,
162,
64,
247,
222,
62,
255,
83,
189,
224,
241,
171,
243,
160,
158,
9,
168,
119,
143,
158,
189,
21,
40,
14,
146,
154,
216,
198,
141,
163,
49,
172,
69,
113,
163,
35,
176,
162,
118,
109,
131,
104,
24,
118,
8,
183,
127,
176,
46,
14,
79,
235,
35,
119,
249,
181,
17,
210,
124,
158,
117,
173,
74,
187,
30,
238,
222,
206,
144,
85,
59,
19,
189,
84,
137,
197,
11,
8,
118,
57,
22,
197,
36,
57,
60,
30,
239,
77,
240,
107,
235,
101,
24,
53,
32,
54,
35,
255,
5,
180,
84,
64,
199,
17,
148,
81,
214,
159,
89,
76,
216,
112,
17,
253,
169,
77,
27,
152,
154,
11,
3,
133,
112,
27,
187,
145,
82,
222,
144,
87,
146,
228,
151,
90,
245,
44,
171,
203,
203,
4,
24,
164,
116,
41,
161,
30,
119,
188,
182,
17,
199,
186,
151,
55,
213,
82,
200,
39,
48,
88,
126,
195,
60,
22,
29,
49,
66,
200,
253,
13,
204,
21,
177,
65,
62,
82,
95,
181,
14,
21,
199,
213,
207,
94,
13,
165,
176,
213,
204,
224,
46,
75,
163,
106,
97,
192,
156,
163,
136,
153,
176,
85,
174,
98,
150,
236,
180,
245,
162,
195,
10,
105,
152,
218,
199,
165,
127,
119,
123,
75,
87,
169,
150,
251,
19,
247,
187,
175,
154,
68,
72,
75,
153,
246,
173,
47,
227,
97,
36,
133,
36,
46,
238,
189,
8,
181,
98,
135,
44,
221,
211,
131,
134,
105,
126,
154,
97,
58,
73,
251,
126,
146,
70,
23,
136,
243,
70,
107,
85,
106,
240,
121,
152,
222,
54,
161,
147,
153,
40,
191,
118,
251,
67,
253,
101,
193,
151,
198,
251,
224,
193,
121,
114,
8,
144,
251,
251,
214,
102,
80,
64,
87,
202,
217,
53,
0,
122,
201,
153,
162,
136,
16,
158,
203,
13,
3,
141,
164,
201,
136,
132,
138,
2,
247,
146,
146,
242,
142,
105,
88,
222,
169,
175,
168,
130,
229,
169,
252,
174,
66,
159,
54,
82,
61,
2,
95,
64,
143,
3,
9,
23,
136,
147,
25,
127,
38,
172,
113,
180,
21,
201,
146,
190,
121,
59,
65,
94,
228,
61,
12,
38,
220,
66,
121,
25,
68,
216,
89,
211,
220,
98,
235,
100,
246,
4,
227,
28,
176,
84,
208,
197,
29,
98,
132,
150,
157,
197,
244,
129,
2,
0,
168,
223,
67,
33,
248,
135,
249,
82,
91,
213,
180,
70,
57,
170,
74,
28,
198,
251,
112,
150,
192,
142,
249,
68,
36,
150,
9,
25,
24,
12,
25,
192,
235,
92,
225,
227,
228,
218,
53,
63,
176,
234,
133,
233,
148,
207,
6,
91,
202,
118,
241,
139,
4,
234,
207,
41,
129,
217,
66,
153,
229,
91,
89,
208,
184,
58,
179,
156,
20,
233,
219,
196,
211,
96,
174,
103,
47,
180,
194,
250,
42,
180,
133,
47,
158,
84,
88,
31,
45,
154,
184,
18,
245,
17,
226,
173,
75,
150,
73,
96,
127,
36,
36,
82,
132,
210,
185,
180,
134,
124,
174,
177,
48,
51,
224,
206,
135,
56,
238,
181,
210,
166,
199,
199,
184,
170,
117,
3,
64,
190,
99,
191,
227,
136,
17,
103,
90,
202,
27,
225,
70,
201,
146,
118,
252,
114,
69,
132,
170,
51,
57,
124,
217,
0,
67,
145,
170,
184,
149,
234,
119,
248,
169,
90,
128,
186,
193,
219,
133,
221,
188,
203,
166,
78,
66,
163,
192,
135,
39,
106,
186,
96,
230,
147,
96,
41,
37,
11,
226,
186,
245,
89,
178,
159,
179,
51,
89,
116,
14,
222,
81,
202,
170,
248,
24,
236,
155,
216,
115,
194,
66,
45,
34,
40,
192,
130,
81,
229,
141,
51,
159,
131,
140,
82,
34,
63,
133,
123,
180,
147,
90,
5,
93,
4,
253,
117,
240,
152,
77,
99,
90,
143,
144,
124,
183,
80,
255,
8,
54,
140,
60,
213,
15,
200,
39,
49,
8,
172,
173,
188,
63,
7,
193,
156,
11,
191,
17,
251,
87,
94,
94,
178,
237,
238,
46,
164,
62,
45,
173,
116,
186,
233,
74,
201,
177,
113,
251,
185,
30,
168,
117,
93,
175,
55,
250,
186,
246,
11,
181,
77,
106,
19,
255,
87,
1,
46,
252,
63,
91,
169,
180,
21,
146,
254,
223,
67,
111,
218,
253,
141,
130,
114,
235,
49,
169,
229,
235,
159,
240,
160,
237,
90,
179,
236,
178,
180,
26,
174,
243,
118,
87,
167,
139,
233,
165,
106,
44,
21,
68,
41,
162,
198,
156,
141,
247,
69,
114,
226,
229,
99,
130,
210,
189,
53,
190,
111,
233,
217,
29,
221,
79,
116,
132,
218,
93,
42,
69,
138,
63,
137,
179,
225,
80,
79,
111,
71,
149,
225,
42,
122,
68,
172,
76,
2,
226,
10,
113,
203,
227,
143,
168,
50,
3,
45,
13,
97,
87,
82,
235,
150,
219,
158,
119,
43,
238,
230,
115,
131,
200,
157,
253,
12,
73,
73,
14,
43,
83,
128,
247,
55,
15,
159,
105,
18,
204,
118,
115,
35,
200,
94,
185,
164,
253,
49,
207,
235,
23,
66,
110,
223,
223,
107,
236,
41,
180,
250,
84,
7,
122,
75,
62,
137,
235,
168,
156,
183,
30,
15,
219,
231,
110,
148,
139,
107,
197,
90,
86,
221,
157,
196,
188,
124,
47,
168,
165,
227,
163,
250,
234,
29,
69,
41,
167,
48,
209,
67,
232,
239,
82,
195,
214,
192,
87,
97,
43,
29,
188,
129,
250,
89,
69,
182,
213,
116,
95,
123,
87,
2,
117,
66,
31,
186,
107,
198,
235,
60,
9,
211,
43,
92,
150,
2,
28,
237,
99,
72,
10,
31,
201,
4,
120,
15,
187,
78,
131,
26,
201,
219,
28,
62,
29,
59,
248,
136,
2,
227,
196,
11,
182,
239,
103,
76,
241,
132,
58,
85,
204,
68,
116,
149,
73,
237,
164,
4,
59,
40,
30,
4,
3,
58,
66,
32,
117,
58,
168,
119,
30,
108,
131,
212,
91,
234,
33,
77,
110,
91,
162,
58,
159,
22,
208,
232,
3,
116,
236,
62,
156,
10,
66,
159,
68,
132,
191,
186,
191,
103,
49,
221,
211,
180,
177,
47,
159,
210,
124,
13,
45,
30,
72,
205,
52,
24,
181,
56,
140,
162,
118,
41,
172,
185,
200,
241,
61,
136,
171,
252,
239,
220,
217,
195,
145,
139,
242,
48,
93,
110,
61,
139,
140,
133,
88,
192,
157,
13,
248,
42,
175,
111,
83,
92,
40,
27,
77,
101,
163,
248,
98,
147,
212,
59,
86,
101,
198,
72,
149,
36,
182,
211,
175,
66,
88,
7,
2,
246,
20,
251,
32,
196,
106,
115,
32,
146,
142,
109,
247,
50,
101,
89,
197,
57,
149,
27,
159,
91,
99,
52,
127,
25,
7,
46,
91,
96,
53,
93,
86,
74,
88,
118,
14,
194,
233,
46,
84,
119,
155,
76,
169,
0,
165,
110,
57,
58,
137,
216,
150,
236,
13,
21,
5,
20,
68,
96,
116,
121,
190,
202,
195,
22,
64,
209,
217,
41,
255,
45,
161,
154,
121,
74,
154,
31,
185,
212,
89,
66,
172,
239,
47,
185,
5,
52,
206,
73,
149,
66,
194,
83,
13,
134,
105,
77,
87,
66,
119,
87,
112,
24,
241,
233,
98,
140,
8,
27,
96,
98,
94,
12,
81,
141,
198,
86,
193,
148,
159,
86,
214,
98,
169,
227,
232,
19,
49,
63,
85,
168,
150,
197,
192,
136,
175,
34,
20,
183,
62,
116,
25,
156,
128,
107,
41,
70,
193,
234,
218,
97,
65,
177,
195,
234,
148,
171,
253,
197,
234,
83,
109,
129,
24,
45,
9,
199,
80,
29,
127,
142,
145,
152,
42,
17,
3,
83,
88,
197,
61,
50,
38,
126,
227,
233,
105,
120,
148,
102,
61,
126,
185,
171,
255,
210,
216,
8,
153,
40,
37,
24,
182,
182,
177,
224,
200,
180,
51,
32,
121,
113,
82,
159,
239,
54,
136,
88,
174,
28,
191,
235,
155,
120,
150,
154,
74,
111,
163,
228,
151,
200,
252,
78,
127,
173,
46,
71,
98,
98,
103,
219,
211,
185,
123,
194,
239,
3,
27,
157,
32,
218,
137,
187,
82,
31,
85,
157,
142,
248,
129,
38,
193,
125,
116,
64,
43,
162,
135,
141,
4,
238,
104,
215,
167,
227,
154,
151,
231,
181,
52,
7,
143,
189,
194,
225,
221,
23,
126,
107,
16,
255,
145,
209,
125,
5,
17,
168,
168,
152,
53,
172,
134,
157,
132,
45,
129,
30,
196,
104,
211,
249,
111,
98,
182,
49,
67,
147,
72,
194,
255,
88,
193,
144,
41,
62,
150,
58,
230,
62,
210,
27,
234,
88,
185,
110,
134,
58,
140,
74,
162,
95,
67,
17,
193,
250,
66,
5,
141,
138,
199,
140,
227,
136,
29,
12,
199,
179,
71,
173,
241,
25,
201,
219,
114,
130,
74,
248,
188,
214,
66,
94,
54,
134,
111,
247,
128,
177,
252,
13,
59,
195,
154,
30,
76,
183,
43,
19,
106,
114,
192,
91,
139,
137,
54,
253,
11,
128,
245,
199,
87,
56,
37,
141,
190,
148,
132,
62,
69,
129,
75,
129,
68,
229,
159,
144,
156,
202,
163,
6,
60,
100,
97,
200,
237,
152,
197,
249,
24,
187,
192,
111,
243,
230,
252,
177,
122,
129,
239,
192,
2,
58,
65,
70,
32,
224,
215,
188,
171,
122,
195,
231,
222,
36,
175,
204,
188,
117,
197,
213,
48,
133,
68,
35,
107,
65,
212,
230,
194,
195,
166,
196,
253,
231,
10,
29,
199,
225,
218,
114,
92,
157,
90,
58,
193,
9,
6,
126,
126,
203,
83,
174,
81,
151,
209,
188,
216,
165,
162,
154,
104,
72,
94,
102,
47,
105,
131,
247,
74,
93,
105,
166,
250,
195,
225,
188,
205,
231,
58,
75,
179,
141,
250,
4,
36,
203,
192,
253,
113,
99,
151,
217,
171,
246,
63,
219,
95,
195,
210,
169,
32,
59,
80,
27,
255,
49,
215,
204,
24,
17,
23,
203,
158,
17,
207,
194,
221,
144,
191,
78,
243,
87,
39,
158,
77,
103,
121,
172,
42,
75,
85,
74,
135,
165,
101,
134,
214,
60,
82,
239,
77,
105,
186,
235,
123,
138,
174,
88,
26,
109,
166,
13,
196,
205,
171,
17,
52,
37,
189,
94,
112,
19,
169,
247,
184,
14,
125,
143,
75,
207,
126,
152,
57,
56,
132,
180,
194,
50,
12,
220,
159,
178,
233,
100,
127,
149,
117,
180,
186,
51,
18,
42,
70,
187,
34,
254,
202,
159,
141,
21,
111,
11,
173,
168,
68,
49,
92,
6,
99,
104,
227,
3,
26,
204,
103,
153,
97,
220,
77,
27,
15,
96,
70,
85,
27,
104,
84,
229,
7,
225,
250,
118,
237,
168,
30,
49,
217,
122,
55,
61,
226,
26,
64,
252,
231,
167,
150,
72,
131,
227,
100,
147,
67,
170,
232,
95,
18,
60,
68,
25,
30,
63,
144,
11,
231,
174,
60,
192,
41,
115,
253,
11,
142,
61,
8,
117,
228,
158,
189,
104,
129,
33,
251,
197,
203,
227,
36,
221,
32,
104,
247,
62,
167,
135,
73,
142,
53,
133,
79,
94,
248,
76,
106,
134,
138,
114,
251,
110,
16,
185,
214,
145,
218,
209,
86,
166,
181,
122,
131,
213,
227,
122,
19,
138,
1,
92,
25,
55,
225,
104,
149,
217,
180,
255,
96,
62,
113,
91,
173,
129,
20,
131,
19,
239,
85,
105,
149,
10,
228,
24,
223,
199,
147,
242,
81,
148,
78,
106,
203,
47,
210,
97,
8,
135,
96,
104,
197,
210,
196,
114,
83,
216,
246,
102,
199,
75,
208,
92,
85,
180,
117,
52,
123,
8,
38,
204,
156,
116,
55,
104,
163,
9,
201,
171,
144,
41,
20,
86,
251,
216,
200,
79,
176,
190,
181,
120,
9,
133,
212,
94,
57,
73,
146,
180,
81,
184,
129,
238,
44,
184,
86,
207,
193,
31,
123,
82,
72,
143,
168,
68,
103,
112,
147,
23,
47,
72,
143,
56,
206,
100,
151,
7,
173,
41,
188,
255,
226,
61,
237,
14,
245,
67,
222,
182,
98,
89,
8,
170,
232,
176,
238,
79,
33,
129,
102,
80,
202,
246,
136,
152,
90,
31,
159,
7,
73,
91,
6,
43,
152,
243,
57,
141,
54,
23,
68,
152,
112,
76,
67,
88,
253,
49,
167,
30,
179,
14,
110,
125,
4,
246,
21,
94,
22,
180,
101,
95,
16,
108,
138,
168,
95,
195,
54,
150,
219,
122,
46,
75,
198,
113,
164,
195,
163,
75,
225,
86,
89,
79,
211,
93,
70,
232,
187,
92,
156,
33,
187,
172,
141,
69,
85,
236,
8,
139,
130,
227,
5,
177,
47,
203,
34,
211,
143,
197,
30,
112,
27,
120,
192,
238,
213,
6,
214,
145,
98,
115,
178,
29,
31,
63,
98,
116,
43,
106,
255,
174,
78,
4,
95,
125,
208,
129,
80,
95,
71,
110,
207,
98,
230,
143,
81,
188,
149,
39,
77,
247,
154,
255,
20,
186,
62,
118,
46,
105,
225,
46,
23,
47,
50,
118,
172,
2,
248,
252,
97,
63,
106,
49,
161,
81,
192,
242,
13,
86,
26,
90,
77,
180,
89,
98,
110,
151,
216,
157,
0,
185,
203,
24,
232,
253,
142,
148,
0,
134,
144,
97,
197,
251,
146,
103,
76,
83,
89,
89,
169,
115,
179,
246,
40,
12,
88,
150,
163,
49,
51,
163,
234,
254,
187,
211,
252,
74,
103,
252,
208,
248,
93,
150,
243,
240,
253,
63,
67,
86,
152,
236,
202,
75,
226,
242,
87,
59,
136,
250,
108,
188,
157,
86,
186,
89,
41,
182,
163,
145,
178,
115,
137,
16,
9,
124,
0,
6,
187,
67,
93,
83,
47,
39,
158,
17,
25,
245,
76,
161,
239,
184,
93,
140,
15,
24,
229,
56,
206,
136,
201,
129,
252,
82,
145,
5,
206,
145,
12,
137,
212,
105,
220,
3,
144,
122,
20,
169,
111,
97,
74,
94,
25,
168,
235,
40,
192,
208,
97,
142,
89,
42,
15,
85,
125,
160,
90,
75,
49,
102,
213,
5,
207,
177,
8,
95,
44,
29,
8,
155,
126,
83,
250,
151,
251,
229,
192,
187,
181,
33,
73,
14,
75,
89,
99,
200,
249,
190,
20,
43,
36,
233,
48,
244,
154,
57,
83,
198,
86,
92,
98,
212,
175,
92,
107,
170,
65,
43,
101,
246,
76,
174,
5,
152,
7,
104,
96,
1,
38,
116,
44,
75,
93,
92,
63,
248,
149,
146,
190,
235,
238,
32,
191,
157,
124,
43,
71,
189,
86,
172,
180,
163,
91,
185,
59,
98,
33,
155,
99,
72,
16,
143,
147,
109,
236,
210,
101,
129,
100,
36,
109,
83,
68,
44,
240,
193,
87,
56,
126,
174,
228,
50,
81,
63,
235,
140,
162,
13,
39,
5,
85,
55,
149,
232,
165,
129,
186,
10,
2,
30,
46,
111,
113,
115,
156,
98,
52,
243,
154,
178,
161,
126,
229,
242,
190,
208,
126,
96,
221,
166,
101,
50,
221,
250,
26,
130,
123,
212,
141,
126,
243,
187,
237,
100,
46,
137,
198,
98,
125,
96,
21,
30,
223,
250,
17,
157,
202,
143,
253,
168,
53,
98,
218,
19,
93,
245,
149,
216,
201,
34,
86,
188,
222,
68,
33,
12,
205,
231,
111,
74,
72,
132,
105,
39,
126,
122,
196,
72,
9,
193,
240,
63,
35,
203,
82,
128,
192,
231,
89,
137,
10,
175,
70,
232,
243,
103,
244,
193,
78,
99,
11,
150,
231,
116,
189,
101,
238,
129,
174,
248,
66,
158,
55,
102,
105,
137,
230,
41,
112,
63,
179,
122,
239,
249,
98,
226,
96,
87,
163,
174,
186,
175,
69,
162,
35,
2,
7,
18,
132,
181,
10,
198,
84,
65,
44,
189,
202,
19,
231,
58,
82,
154,
181,
65,
147,
23,
36,
243,
110,
199,
161,
41,
118,
230,
203,
154,
233,
210,
172,
109,
136,
182,
51,
220,
247,
96,
153,
193,
115,
128,
251,
197,
26,
176,
7,
173,
200,
43,
160,
54,
242,
66,
95,
105,
40,
42,
3,
17,
253,
175,
126,
133,
101,
178,
97,
92,
18,
250,
29,
133,
123,
24,
74,
149,
201,
81,
67,
145,
124,
227,
199,
111,
37,
39,
216,
78,
81,
219,
95,
78,
138,
222,
211,
239,
144,
52,
75,
162,
47,
104,
39,
170,
128,
113,
63,
73,
195,
130,
218,
63,
102,
162,
174,
139,
201,
134,
217,
26,
97,
57,
105,
235,
23,
60,
218,
167,
113,
37,
73,
160,
141,
112,
74,
14,
225,
137,
87,
164,
12,
50,
228,
114,
212,
146,
253,
157,
25,
215,
183,
122,
16,
32,
102,
39,
93,
64,
206,
206,
102,
23,
110,
243,
135,
184,
1,
104,
65,
89,
13,
77,
139,
241,
191,
95,
131,
189,
252,
156,
148,
179,
23,
164,
212,
125,
203,
49,
189,
153,
255,
35,
176,
109,
23,
55,
37,
24,
159,
102,
113,
172,
180,
252,
157,
115,
91,
33,
48,
87,
189,
196,
11,
212,
104,
223,
81,
51,
16,
15,
204,
15,
50,
124,
124,
73,
179,
161,
98,
83,
7,
211,
255,
187,
208,
157,
47,
43,
190,
95,
131,
123,
36,
142,
80,
140,
109,
161,
192,
125,
176,
140,
140,
227,
9,
8,
44,
188,
169,
142,
15,
176,
98,
15,
108,
50,
172,
155,
93,
106,
250,
224,
229,
30,
110,
53,
171,
219,
215,
107,
88,
135,
247,
228,
106,
0,
236,
151,
189,
149,
37,
204,
70,
135,
219,
178,
185,
135,
77,
23,
241,
71,
247,
215,
102,
102,
12,
17,
65,
227,
124,
154,
107,
115,
126,
213,
116,
107,
108,
49,
0,
146,
253,
70,
25,
217,
248,
211,
96,
69,
234,
82,
141,
225,
41,
243,
71,
53,
4,
137,
25,
128,
35,
132,
243,
161,
89,
103,
12,
198,
152,
13,
88,
150,
83,
113,
111,
76,
68,
207,
145,
46,
33,
30,
16,
74,
17,
87,
128,
21,
224,
153,
149,
3,
29,
137,
165,
118,
240,
177,
60,
137,
190,
148,
31,
18,
6,
142,
94,
74,
93,
239,
121,
127,
14,
137,
201,
31,
224,
73,
53,
193,
226,
202,
196,
255,
83,
105,
118,
68,
27,
178,
205,
217,
71,
236,
235,
77,
122,
73,
151,
215,
57,
16,
86,
71,
153,
32,
102,
122,
105,
155,
59,
76,
102,
255,
75,
185,
105,
193,
253,
132,
116,
202,
93,
187,
182,
73,
8,
48,
146,
159,
8,
203,
176,
94,
18,
73,
126,
121,
195,
232,
20,
254,
52,
122,
254,
127,
52,
103,
65,
49,
235,
181,
252,
72,
112,
178,
145,
120,
227,
36,
23,
235,
239,
199,
73,
2,
17,
200,
123,
212,
176,
143,
211,
228,
10,
209,
99,
62,
56,
164,
111,
35,
89,
107,
107,
201,
30,
253,
65,
1,
33,
89,
236,
16,
32,
53,
18,
49,
253,
141,
6,
173,
29,
217,
145,
39,
170,
245,
101,
226,
153,
212,
5,
243,
64,
112,
188,
94,
109,
254,
95,
142,
87,
75,
159,
119,
128,
177,
169,
126,
63,
175,
43,
92,
136,
189,
131,
50,
178,
232,
20,
75,
188,
25,
62,
252,
137,
251,
90,
247,
249,
185,
133,
80,
4,
36,
199,
133,
214,
112,
3,
21,
31,
46,
113,
167,
235,
244,
217,
157,
220,
237,
233,
152,
6,
39,
149,
144,
34,
239,
135,
27,
169,
12,
107,
173,
49,
51,
50,
7,
163,
53,
28,
195,
100,
141,
106,
79,
129,
68,
237,
93,
49,
214,
245,
56,
253,
138,
200,
32,
122,
79,
59,
35,
91,
167,
208,
140,
218,
3,
147,
125,
56,
175,
64,
156,
60,
171,
236,
189,
239,
217,
26,
32,
175,
16,
88,
172,
154,
32,
204,
20,
111,
8,
55,
203,
175,
8,
87,
137,
11,
235,
6,
67,
154,
71,
224,
215,
242,
204,
148,
225,
165,
175,
1,
84,
191,
90,
0,
89,
122,
205,
110,
234,
213,
165,
181,
132,
173,
12,
13,
184,
247,
19,
252,
146,
90,
220,
105,
76,
168,
253,
45,
77,
172,
47,
161,
107,
137,
161,
197,
3,
110,
51,
237,
67,
216,
162,
199,
134,
175,
212,
62,
166,
232,
58,
56,
66,
22,
161,
143,
190,
159,
188,
11,
75,
235,
172,
183,
116,
78,
124,
120,
188,
175,
101,
0,
135,
8,
199,
13,
183,
156,
76,
93,
132,
134,
150,
198,
157,
55,
85,
91,
214,
18,
103,
34,
253,
19,
217,
114,
97,
85,
234,
30,
4,
79,
30,
139,
87,
229,
153,
14,
129,
229,
108,
5,
107,
2,
204,
8,
57,
33,
100,
16,
51,
203,
50,
49,
222,
11,
163,
64,
96,
141,
94,
100,
220,
124,
239,
52,
97,
136,
66,
227,
109,
174,
232,
217,
176,
180,
225,
234,
214,
69,
250,
9,
16,
44,
58,
239,
55,
221,
47,
151,
106,
141,
251,
71,
9,
234,
123,
106,
115,
189,
77,
224,
108,
54,
185,
28,
234,
155,
6,
192,
224,
0,
202,
241,
44,
4,
224,
99,
226,
15,
250,
76,
156,
245,
147,
165,
224,
14,
15,
83,
204,
93,
51,
56,
147,
237,
84,
125,
136,
91,
62,
104,
91,
8,
89,
136,
12,
57,
235,
238,
72,
230,
59,
228,
219,
206,
137,
187,
221,
153,
14,
169,
246,
66,
225,
137,
47,
53,
6,
183,
144,
68,
31,
236,
76,
121,
116,
89,
178,
95,
71,
251,
69,
130,
223,
33,
81,
105,
220,
46,
2,
235,
215,
248,
45,
184,
129,
92,
237,
135,
19,
126,
204,
50,
106,
24,
171,
222,
113,
94,
61,
185,
89,
131,
59,
56,
164,
140,
161,
128,
186,
163,
107,
145,
155,
152,
73,
28,
244,
55,
164,
7,
181,
112,
58,
31,
136,
229,
253,
250,
67,
58,
179,
156,
189,
238,
213,
97,
123,
118,
226,
53,
26,
77,
199,
181,
230,
16,
210,
218,
71,
118,
226,
252,
230,
28,
27,
110,
1,
24,
104,
69,
83,
27,
225,
16,
10,
182,
114,
133,
45,
84,
186,
71,
161,
129,
252,
135,
146,
206,
98,
217,
68,
68,
214,
42,
96,
241,
153,
97,
10,
1,
166,
93,
29,
136,
109,
39,
62,
223,
172,
107,
51,
102,
178,
213,
232,
175,
92,
122,
125,
190,
83,
194,
2,
41,
236,
98,
27,
133,
196,
37,
135,
106,
130,
164,
242,
239,
203,
49,
207,
119,
156,
2,
221,
79,
215,
197,
254,
52,
63,
123,
242,
147,
61,
245,
188,
42,
87,
215,
175,
27,
252,
54,
134,
126,
218,
120,
110,
165,
169,
61,
28,
70,
63,
250,
149,
23,
191,
147,
75,
255,
14,
61,
146,
76,
50,
78,
118,
138,
38,
37,
165,
34,
92,
43,
161,
54,
164,
15,
220,
77,
76,
248,
147,
139,
242,
40,
162,
178,
187,
237,
177,
202,
43,
67,
22,
93,
145,
140,
231,
183,
177,
141,
218,
13,
184,
123,
68,
92,
138,
32,
170,
214,
24,
61,
97,
11,
102,
4,
189,
33,
241,
110,
235,
28,
177,
1,
122,
66,
141,
97,
250,
63,
238,
212,
76,
167,
79,
144,
3,
217,
176,
173,
175,
201,
235,
16,
212,
81,
20,
145,
114,
6,
255,
94,
34,
176,
95,
156,
242,
237,
254,
236,
44,
236,
192,
120,
147,
15,
9,
151,
232,
185,
68,
151,
130,
47,
168,
86,
128,
188,
231,
243,
194,
230,
81,
229,
150,
176,
129,
137,
157,
127,
117,
201,
108,
54,
66,
255,
69,
75,
150,
46,
4,
219,
197,
135,
10,
109,
221,
139,
42,
197,
126,
236,
171,
207,
209,
66,
127,
83,
203,
29,
210,
64,
230,
62,
118,
40,
62,
188,
115,
212,
234,
120,
175,
175,
255,
186,
29,
220,
69,
71,
161,
195,
51,
77,
146,
5,
143,
17,
88,
90,
46,
42,
154,
21,
105,
17,
61,
167,
205,
177,
123,
183,
41,
43,
102,
40,
229,
131,
4,
42,
202,
166,
237,
254,
243,
127,
3,
130,
144,
91,
220,
191,
133,
118,
212,
238,
135,
17,
149,
84,
194,
17,
11,
235,
60,
114,
19,
33,
245,
24,
75,
192,
190,
56,
190,
177,
183,
193,
51,
71,
28,
15,
6,
161,
133,
218,
144,
13,
236,
37,
97,
174,
54,
109,
154,
114,
223,
173,
147,
212,
197,
222,
148,
131,
22,
82,
52,
205,
19,
103,
21,
47,
118,
27,
209,
252,
246,
97,
9,
226,
134,
106,
144,
189,
215,
42,
47,
182,
216,
195,
139,
157,
161,
31,
33,
184,
114,
85,
133,
133,
189,
154,
181,
51,
182,
134,
47,
172,
231,
56,
142,
109,
163,
30,
42,
122,
73,
90,
49,
33,
29,
188,
190,
190,
219,
223,
118,
77,
53,
252,
211,
242,
150,
136,
37,
76,
14,
85,
248,
245,
141,
134,
98,
48,
165,
141,
171,
238,
231,
220,
15,
4,
152,
205,
194,
115,
173,
57,
193,
226,
53,
148,
212,
203,
28,
249,
24,
42,
78,
16,
31,
220,
151,
129,
12,
60,
14,
183,
42,
245,
147,
57,
249,
43,
6,
188,
159,
179,
245,
96,
149,
42,
244,
105,
245,
16,
99,
13,
58,
177,
30,
89,
141,
181,
218,
154,
241,
233,
81,
27,
222,
229,
84,
216,
16,
90,
148,
175,
14,
137,
15,
163,
179,
3,
13,
168,
19,
112,
182,
77,
33,
212,
166,
175,
137,
129,
73,
122,
106,
154,
149,
72,
127,
233,
32,
144,
67,
180,
63,
81,
61,
79,
245,
240,
82,
2,
153,
102,
114,
79,
179,
147,
35,
90,
66,
172,
219,
139,
38,
69,
38,
187,
141,
165,
164,
174,
53,
231,
98,
117,
57,
160,
196,
46,
144,
22,
48,
41,
124,
162,
120,
48,
53,
155,
138,
120,
71,
101,
3,
109,
170,
41,
40,
55,
207,
204,
229,
4,
180,
72,
121,
237,
232,
61,
27,
120,
84,
75,
162,
208,
237,
26,
0,
34,
182,
138,
154,
253,
239,
158,
107,
153,
199,
147,
209,
150,
96,
182,
155,
20,
254,
20,
1,
230,
82,
28,
95,
166,
103,
1,
118,
84,
27,
119,
118,
209,
1,
17,
207,
241,
175,
58,
138,
118,
205,
91,
13,
45,
18,
168,
65,
16,
188,
66,
247,
14,
94,
86,
180,
197,
87,
43,
25,
114,
162,
144,
68,
163,
161,
19,
148,
80,
77,
31,
198,
26,
122,
211,
72,
140,
123,
137,
157,
56,
204,
148,
70,
42,
234,
251,
240,
65,
38,
9,
179,
200,
153,
247,
107,
58,
10,
0,
138,
87,
31,
81,
114,
153,
36,
186,
38,
160,
67,
195,
216,
15,
87,
30,
58,
65,
25,
42,
130,
63,
51,
53,
7,
205,
45,
115,
7,
55,
115,
146,
143,
146,
227,
1,
43,
7,
187,
81,
167,
254,
20,
127,
14,
107,
158,
72,
172,
183,
114,
46,
247,
165,
100,
254,
114,
145,
113,
122,
200,
228,
12,
87,
118,
239,
88,
162,
246,
19,
243,
158,
18,
8,
29,
32,
115,
187,
104,
32,
115,
218,
78,
106,
127,
178,
104,
242,
67,
218,
108,
12,
190,
120,
99,
53,
103,
188,
215,
93,
207,
202,
251,
225,
210,
25,
1,
70,
212,
105,
102,
71,
67,
180,
177,
195,
103,
26,
181,
170,
244,
33,
182,
178,
153,
26,
231,
0,
214,
190,
93,
165,
137,
89,
135,
91,
114,
136,
161,
70,
242,
7,
142,
53,
188,
63,
248,
35,
89,
173,
205,
77,
206,
132,
0,
103,
158,
231,
103,
116,
166,
197,
25,
47,
30,
160,
138,
144,
41,
44,
214,
27,
51,
100,
80,
239,
164,
73,
18,
253,
246,
224,
75,
197,
100,
75,
44,
2,
50,
148,
118,
216,
89,
143,
7,
119,
48,
146,
7,
89,
190,
221,
116,
241,
66,
196,
225,
230,
13,
243,
227,
4,
211,
46,
201,
55,
121,
245,
57,
172,
137,
175,
132,
226,
63,
140,
89,
111,
30,
96,
200,
220,
62,
60,
205,
128,
0,
174,
102,
14,
162,
73,
18,
117,
120,
219,
173,
241,
208,
230,
157,
90,
150,
34,
60,
213,
174,
150,
68,
204,
246,
12,
168,
52,
72,
117,
180,
72,
36,
26,
86,
198,
100,
104,
59,
220,
67,
232,
205,
20,
207,
107,
110,
101,
141,
170,
58,
59,
64,
126,
7,
55,
138,
175,
107,
210,
36,
32,
26,
72,
58,
113,
14,
158,
217,
74,
122,
29,
50,
72,
49,
1,
179,
159,
102,
64,
73,
160,
123,
138,
30,
130,
193,
168,
49,
44,
122,
85,
76,
149,
158,
135,
6,
172,
37,
223,
246,
160,
252,
41,
232,
45,
42,
155,
204,
145,
219,
22,
49,
86,
160,
80,
216,
97,
248,
9,
141,
115,
94,
218,
8,
252,
97,
14,
169,
134,
237,
159,
38,
234,
200,
14,
23,
243,
169,
228,
132,
132,
250,
181,
218,
154,
5,
178,
251,
254,
187,
136,
113,
26,
98,
121,
22,
195,
135,
191,
74,
116,
95,
112,
94,
39,
127,
118,
26,
40,
90,
158,
173,
84,
84,
135,
238,
89,
58,
233,
87,
245,
113,
200,
15,
212,
65,
38,
151,
200,
229,
225,
61,
68,
82,
155,
108,
209,
17,
134,
249,
107,
37,
166,
191,
121,
46,
173,
210,
104,
150,
42,
93,
8,
242,
109,
220,
52,
147,
115,
252,
120,
85,
57,
189,
167,
213,
41,
120,
230,
175,
113,
82,
212,
24,
17,
77,
70,
191,
32,
174,
85,
74,
11,
93,
60,
120,
57,
112,
11,
173,
109,
132,
2,
166,
65,
169,
123,
106,
33,
98,
25,
146,
180,
238,
170,
197,
59,
240,
132,
91,
158,
218,
165,
170,
55,
226,
34,
113,
82,
46,
30,
191,
178,
32,
102,
243,
201,
225,
93,
234,
67,
118,
124,
247,
100,
39,
189,
160,
23,
65,
251,
182,
27,
161,
96,
83,
131,
130,
196,
213,
176,
226,
149,
98,
2,
251,
85,
203,
220,
178,
181,
32,
41,
49,
23,
141,
88,
212,
45,
112,
22,
41,
38,
49,
202,
134,
132,
77,
8,
72,
34,
185,
42,
183,
27,
44,
178,
113,
247,
143,
35,
172,
175,
76,
222,
198,
218,
54,
155,
7,
166,
177,
48,
204,
226,
250,
82,
103,
71,
91,
175,
106,
20,
218,
33,
47,
6,
212,
160,
254,
99,
196,
170,
18,
16,
136,
216,
234,
191,
115,
242,
101,
36,
34,
50,
7,
29,
132,
110,
100,
223,
29,
206,
243,
247,
240,
35,
254,
196,
195,
252,
39,
135,
166,
57,
152,
47,
17,
130,
238,
133,
116,
83,
169,
151,
133,
176,
180,
10,
30,
24,
233,
60,
231,
221,
51,
215,
0,
49,
155,
195,
45,
194,
75,
212,
251,
227,
3,
12,
101,
241,
145,
218,
68,
59,
113,
202,
235,
37,
212,
10,
61,
189,
70,
36,
154,
121,
251,
154,
171,
150,
94,
216,
88,
169,
172,
83,
140,
175,
96,
241,
160,
241,
203,
229,
44,
60,
175,
24,
97,
131,
34,
159,
64,
104,
195,
219,
225,
191,
117,
140,
85,
211,
101,
174,
124,
17,
1,
8,
193,
97,
250,
97,
83,
197,
70,
127,
2,
245,
151,
99,
120,
185,
2,
185,
33,
198,
148,
3,
133,
9,
143,
218,
221,
244,
136,
89,
6,
138,
98,
199,
235,
92,
40,
62,
33,
111,
190,
35,
100,
85,
135,
221,
15,
137,
150,
48,
79,
42,
51,
212,
51,
195,
175,
16,
183,
55,
106,
189,
193,
204,
132,
173,
40,
173,
235,
73,
28,
169,
109,
128,
255,
244,
93,
14,
125,
243,
62,
205,
29,
114,
161,
81,
53,
80,
97,
236,
136,
203,
170,
73,
151,
46,
246,
191,
219,
226,
9,
247,
139,
118,
120,
138,
106,
213,
152,
231,
201,
215,
180,
230,
73,
86,
55,
126,
166,
153,
106,
46,
100,
20,
120,
252,
67,
110,
187,
30,
80,
196,
22,
220,
58,
142,
102,
164,
99,
255,
140,
44,
214,
64,
19,
31,
150,
74,
157,
61,
227,
7,
107,
72,
28,
227,
68,
95,
82,
255,
125,
162,
196,
147,
126,
254,
33,
229,
163,
133,
228,
47,
177,
186,
111,
196,
217,
6,
15,
118,
67,
242,
125,
174,
58,
153,
146,
126,
248,
228,
126,
118,
134,
66,
9,
5,
64,
43,
234,
227,
176,
206,
18,
97,
136,
130,
38,
97,
136,
53,
215,
203,
39,
84,
121,
98,
238,
11,
224,
230,
239,
94,
92,
118,
160,
102,
123,
225,
145,
101,
196,
65,
51,
215,
162,
187,
89,
200,
28,
225,
253,
243,
172,
37,
71,
37,
135,
53,
49,
103,
28,
32,
198,
120,
150,
102,
222,
17,
71,
111,
118,
12,
176,
169,
227,
83,
100,
60,
27,
128,
29,
25,
115,
201,
62,
187,
238,
197,
240,
31,
44,
12,
64,
242,
133,
214,
89,
99,
232,
160,
211,
94,
172,
131,
8,
143,
214,
108,
203,
242,
237,
232,
11,
96,
177,
73,
27,
160,
14,
12,
191,
58,
24,
255,
45,
157,
214,
134,
1,
190,
38,
212,
28,
211,
87,
36,
98,
46,
145,
46,
32,
126,
22,
43,
222,
200,
116,
250,
104,
130,
6,
39,
188,
30,
39,
233,
188,
253,
111,
189,
187,
150,
145,
215,
105,
232,
252,
203,
22,
141,
249,
54,
11,
16,
97,
233,
216,
213,
227,
64,
87,
233,
103,
20,
8,
142,
253,
196,
139,
109,
129,
70,
3,
18,
30,
108,
250,
26,
55,
17,
167,
49,
71,
178,
65,
169,
155,
25,
126,
127,
89,
214,
104,
192,
234,
112,
79,
231,
52,
218,
84,
181,
33,
87,
199,
63,
195,
194,
89,
251,
211,
0,
44,
26,
178,
109,
195,
77,
134,
66,
204,
223,
24,
53,
159,
2,
165,
238,
233,
218,
201,
62,
143,
234,
149,
87,
41,
89,
25,
130,
84,
236,
130,
128,
6,
52,
237,
202,
129,
115,
12,
78,
82,
36,
131,
241,
38,
40,
224,
15,
2,
169,
77,
146,
147,
227,
233,
188,
60,
2,
62,
144,
238,
192,
16,
244,
244,
253,
190,
117,
112,
202,
195,
194,
238,
70,
179,
20,
111,
147,
36,
113,
60,
113,
3,
207,
84,
236,
139,
144,
238,
201,
32,
220,
137,
48,
209,
125,
45,
143,
243,
157,
90,
182,
95,
72,
253,
19,
93,
108,
166,
129,
221,
227,
242,
225,
178,
71,
205,
62,
215,
188,
7,
248,
152,
145,
40,
105,
14,
86,
249,
1,
243,
83,
184,
83,
155,
181,
102,
248,
33,
12,
121,
254,
239,
108,
223,
162,
179,
173,
224,
138,
105,
231,
130,
1,
120,
171,
107,
135,
1,
100,
136,
244,
183,
64,
71,
82,
245,
173,
75,
22,
186,
196,
21,
169,
48,
244,
75,
227,
161,
43,
110,
10,
19,
240,
12,
139,
155,
119,
18,
156,
219,
155,
145,
146,
219,
216,
228,
209,
134,
47,
231,
64,
244,
252,
233,
36,
241,
53,
8,
146,
96,
118,
157,
115,
102,
169,
255,
2,
32,
17,
158,
251,
172,
47,
141,
136,
8,
113,
89,
142,
161,
64,
206,
149,
61,
183,
185,
46,
236,
193,
192,
77,
55,
93,
192,
158,
6,
191,
160,
38,
209,
62,
33,
125,
110,
174,
5,
118,
32,
94,
4,
193,
159,
210,
86,
220,
137,
15,
10,
118,
209,
202,
195,
8,
40,
131,
166,
46,
67,
70,
85,
20,
133,
118,
145,
243,
37,
151,
105,
69,
245,
109,
6,
148,
63,
92,
112,
200,
107,
122,
62,
60,
69,
1,
69,
109,
133,
235,
155,
200,
50,
240,
220,
183,
103,
109,
170,
140,
4,
19,
209,
250,
128,
215,
142,
191,
51,
255,
135,
158,
121,
198,
219,
190,
199,
32,
43,
76,
11,
199,
20,
61,
183,
240,
244,
30,
94,
158,
170,
98,
177,
123,
92,
49,
82,
235,
240,
133,
234,
120,
36,
99,
62,
255,
34,
5,
31,
77,
82,
42,
20,
102,
104,
204,
87,
92,
234,
181,
251,
149,
23,
172,
16,
116,
222,
99,
95,
206,
232,
73,
70,
12,
172,
132,
11,
206,
138,
42,
28,
220,
85,
48,
66,
189,
252,
153,
25,
231,
78,
20,
124,
102,
193,
140,
218,
159,
239,
57,
109,
216,
130,
180,
228,
46,
56,
240,
253,
194,
26,
25,
158,
111,
73,
225,
44,
70,
122,
70,
45,
201,
90,
169,
47,
27,
53,
9,
186,
37,
66,
40,
253,
196,
220,
225,
242,
20,
209,
239,
215,
236,
8,
117,
91,
82,
86,
136,
152,
209,
206,
197,
154,
40,
110,
201,
68,
163,
210,
254,
200,
20,
38,
197,
216,
2,
167,
202,
23,
120,
186,
238,
100,
194,
99,
192,
20,
186,
72,
172,
139,
22,
113,
37,
62,
223,
238,
130,
131,
192,
129,
75,
212,
167,
17,
172,
170,
184,
118,
193,
48,
48,
175,
149,
243,
18,
85,
7,
204,
157,
180,
87,
179,
37,
124,
241,
5,
106,
116,
136,
42,
245,
211,
254,
156,
228,
170,
70,
156,
33,
7,
205,
81,
182,
98,
68,
201,
183,
76,
149,
84,
0,
237,
7,
37,
105,
248,
42,
212,
108,
178,
254,
97,
134,
253,
254,
106,
167,
68,
7,
200,
76,
212,
26,
2,
54,
94,
203,
237,
170,
97,
65,
170,
78,
72,
208,
183,
64,
250,
139,
173,
173,
138,
14,
51,
135,
12,
157,
46,
81,
164,
247,
157,
120,
17,
159,
174,
111,
107,
155,
26,
204,
220,
196,
26,
36,
148,
209,
101,
143,
93,
18,
60,
231,
32,
111,
110,
45,
12,
156,
126,
177,
147,
27,
41,
164,
186,
216,
20,
37,
115,
46,
241,
80,
242,
11,
116,
135,
221,
217,
22,
58,
235,
82,
33,
12,
193,
143,
57,
205,
43,
183,
126,
191,
210,
168,
99,
140,
128,
119,
};