B = {
0,
4,
6,
8,
11,
18,
25,
29,
34,
39,
44,
46,
49,
56,
57,
58,
59,
65,
68,
71,
77,
78,
79,
86,
87,
94,
101,
104,
108,
109,
110,
113,
116,
119,
122,
125,
132,
137,
139,
142,
146,
149,
154,
159,
160,
165,
166,
171,
174,
176,
182,
185,
188,
194,
196,
203,
205,
208,
210,
217,
220,
226,
228,
234,
239,
241,
247,
249,
253,
255,
261,
268,
272,
273,
277,
282,
288,
295,
302,
307,
309,
311,
314,
318,
319,
324,
325,
332,
339,
344,
349,
350,
353,
356,
359,
361,
366,
373,
377,
381,
388,
391,
392,
399,
404,
411,
417,
421,
425,
426,
432,
439,
444,
448,
453,
454,
458,
462,
468,
469,
474,
476,
480,
484,
486,
492,
499,
502,
};