B = {
237,
237,
112,
160,
199,
74,
39,
32,
251,
105,
210,
238,
24,
14,
242,
30,
124,
109,
39,
253,
151,
203,
138,
14,
254,
108,
247,
165,
87,
96,
128,
68,
77,
241,
228,
21,
59,
12,
53,
55,
117,
7,
37,
141,
21,
23,
171,
146,
133,
210,
143,
28,
157,
25,
42,
156,
134,
33,
65,
221,
130,
193,
34,
207,
178,
6,
228,
238,
18,
25,
37,
135,
32,
74,
20,
54,
97,
191,
200,
230,
145,
87,
2,
47,
113,
44,
203,
247,
78,
12,
212,
208,
205,
246,
159,
128,
253,
132,
110,
15,
157,
147,
151,
190,
221,
171,
244,
62,
107,
188,
37,
252,
19,
39,
43,
132,
84,
246,
123,
162,
2,
80,
114,
208,
70,
17,
80,
67,
149,
190,
83,
51,
81,
234,
241,
46,
149,
229,
108,
0,
161,
145,
253,
180,
185,
40,
57,
13,
31,
180,
175,
33,
4,
33,
241,
75,
50,
65,
142,
200,
255,
225,
251,
80,
203,
236,
126,
97,
209,
235,
97,
114,
124,
94,
38,
53,
135,
95,
66,
166,
20,
241,
199,
24,
18,
185,
99,
69,
250,
242,
13,
250,
211,
8,
74,
159,
244,
201,
0,
197,
180,
97,
55,
48,
192,
93,
102,
71,
189,
168,
237,
209,
154,
180,
233,
172,
109,
77,
241,
104,
63,
254,
98,
18,
6,
172,
177,
250,
117,
177,
191,
41,
19,
246,
90,
211,
84,
192,
26,
17,
104,
7,
226,
2,
187,
203,
175,
41,
24,
160,
145,
87,
159,
243,
106,
165,
159,
27,
160,
21,
205,
95,
62,
224,
86,
152,
179,
170,
88,
205,
187,
193,
212,
157,
195,
143,
104,
114,
184,
129,
19,
73,
216,
178,
60,
66,
87,
220,
94,
247,
241,
43,
87,
47,
11,
173,
200,
190,
87,
32,
139,
18,
225,
95,
175,
165,
238,
23,
23,
167,
152,
42,
240,
113,
220,
45,
179,
52,
9,
17,
43,
250,
60,
130,
41,
71,
47,
241,
5,
134,
18,
144,
152,
243,
239,
71,
152,
222,
95,
176,
133,
247,
218,
117,
104,
183,
162,
28,
235,
171,
45,
22,
165,
106,
153,
207,
177,
200,
192,
183,
79,
210,
71,
231,
198,
55,
47,
94,
21,
142,
14,
154,
133,
233,
15,
238,
160,
178,
10,
139,
93,
55,
161,
3,
161,
58,
210,
83,
3,
146,
10,
82,
101,
81,
57,
43,
136,
104,
137,
157,
246,
152,
55,
124,
129,
71,
106,
33,
249,
116,
172,
86,
171,
77,
89,
77,
136,
43,
160,
139,
190,
170,
221,
35,
251,
22,
78,
132,
127,
215,
33,
117,
111,
89,
241,
240,
160,
91,
17,
153,
207,
189,
239,
123,
11,
73,
200,
147,
116,
104,
30,
50,
18,
251,
85,
13,
17,
163,
145,
144,
123,
179,
6,
234,
12,
247,
219,
172,
83,
236,
69,
34,
170,
52,
157,
181,
125,
101,
72,
242,
205,
102,
36,
223,
97,
122,
237,
114,
29,
126,
3,
152,
49,
9,
131,
61,
0,
94,
233,
83,
74,
46,
118,
244,
99,
19,
169,
224,
121,
241,
210,
70,
87,
247,
38,
184,
113,
19,
43,
142,
145,
46,
39,
195,
55,
170,
0,
55,
8,
234,
139,
82,
24,
1,
71,
123,
20,
240,
92,
141,
226,
46,
212,
57,
37,
250,
242,
150,
13,
29,
37,
158,
75,
76,
97,
130,
246,
98,
185,
254,
76,
68,
80,
100,
69,
151,
224,
90,
136,
60,
231,
106,
106,
187,
163,
144,
181,
149,
38,
194,
178,
75,
97,
253,
151,
194,
127,
141,
36,
57,
139,
112,
125,
220,
213,
195,
115,
181,
29,
251,
241,
4,
101,
91,
192,
9,
235,
117,
158,
18,
56,
81,
93,
153,
78,
245,
91,
206,
130,
128,
7,
14,
240,
132,
234,
197,
71,
93,
122,
100,
89,
107,
105,
190,
199,
41,
199,
178,
158,
102,
196,
214,
183,
34,
111,
5,
23,
203,
211,
153,
75,
218,
167,
59,
95,
145,
1,
166,
239,
123,
11,
72,
231,
116,
6,
174,
157,
206,
96,
59,
52,
37,
18,
235,
71,
129,
240,
94,
76,
196,
247,
151,
158,
159,
211,
253,
48,
212,
164,
31,
79,
175,
103,
54,
35,
110,
228,
192,
60,
69,
251,
112,
106,
13,
91,
177,
143,
75,
15,
219,
15,
6,
115,
174,
165,
70,
171,
214,
26,
79,
245,
105,
254,
93,
160,
33,
203,
132,
225,
7,
201,
221,
119,
51,
234,
210,
228,
121,
29,
243,
85,
45,
250,
200,
219,
159,
14,
134,
117,
40,
214,
107,
145,
212,
200,
49,
246,
147,
182,
215,
154,
127,
180,
17,
179,
159,
227,
151,
24,
0,
139,
109,
45,
133,
53,
8,
36,
67,
143,
154,
107,
101,
5,
253,
57,
205,
46,
47,
96,
228,
7,
250,
100,
187,
11,
23,
90,
238,
174,
115,
238,
57,
224,
28,
190,
22,
36,
227,
89,
179,
125,
197,
24,
130,
194,
82,
79,
240,
129,
175,
213,
136,
169,
57,
68,
180,
80,
158,
162,
254,
17,
144,
56,
242,
172,
246,
8,
209,
217,
97,
132,
86,
38,
157,
216,
232,
239,
39,
217,
112,
214,
174,
249,
127,
231,
61,
51,
55,
219,
213,
53,
237,
102,
109,
223,
18,
100,
231,
227,
61,
72,
104,
148,
111,
5,
108,
87,
244,
148,
48,
100,
106,
222,
93,
234,
197,
154,
29,
252,
118,
243,
50,
99,
89,
159,
66,
107,
3,
41,
79,
65,
113,
183,
213,
224,
188,
65,
56,
176,
213,
104,
20,
64,
71,
114,
42,
12,
12,
71,
9,
130,
58,
59,
229,
147,
218,
39,
255,
222,
80,
78,
31,
194,
5,
244,
162,
193,
53,
218,
113,
11,
67,
133,
75,
138,
247,
117,
150,
4,
188,
159,
134,
247,
218,
108,
138,
181,
147,
137,
147,
228,
215,
178,
166,
220,
166,
72,
157,
219,
35,
14,
230,
102,
148,
49,
240,
139,
166,
134,
143,
99,
38,
22,
90,
0,
130,
228,
181,
21,
110,
72,
249,
69,
250,
159,
34,
160,
232,
191,
124,
11,
206,
98,
113,
98,
148,
97,
237,
58,
231,
125,
157,
13,
147,
247,
14,
21,
220,
195,
42,
74,
12,
36,
143,
6,
195,
177,
167,
171,
113,
35,
182,
63,
133,
39,
161,
25,
136,
142,
84,
112,
11,
241,
125,
158,
233,
139,
179,
197,
79,
222,
15,
91,
2,
158,
97,
197,
80,
8,
113,
193,
43,
39,
0,
177,
79,
161,
202,
215,
47,
30,
71,
59,
16,
197,
217,
249,
80,
141,
190,
159,
107,
205,
250,
109,
107,
92,
50,
187,
100,
163,
124,
144,
203,
124,
65,
26,
29,
11,
241,
77,
42,
57,
136,
58,
254,
97,
51,
78,
238,
241,
238,
89,
190,
232,
198,
41,
68,
249,
229,
169,
156,
97,
57,
103,
222,
122,
129,
251,
133,
115,
72,
175,
172,
208,
233,
170,
50,
28,
248,
32,
13,
230,
122,
203,
207,
64,
245,
19,
57,
218,
188,
214,
59,
245,
61,
25,
111,
191,
21,
245,
50,
93,
164,
222,
46,
142,
136,
96,
170,
128,
128,
184,
103,
250,
131,
54,
59,
120,
73,
116,
82,
6,
74,
142,
251,
136,
167,
107,
71,
188,
96,
121,
26,
4,
87,
72,
146,
223,
168,
61,
95,
40,
245,
198,
35,
120,
252,
94,
241,
70,
210,
67,
76,
29,
209,
71,
165,
121,
178,
236,
53,
18,
101,
79,
23,
188,
151,
169,
155,
63,
230,
250,
104,
219,
193,
139,
84,
189,
233,
69,
3,
187,
136,
79,
216,
90,
151,
125,
211,
73,
105,
8,
92,
206,
88,
115,
138,
239,
28,
37,
47,
3,
32,
151,
222,
225,
34,
50,
158,
11,
119,
162,
198,
0,
241,
159,
90,
136,
28,
45,
210,
134,
53,
46,
84,
141,
161,
223,
125,
189,
4,
172,
192,
36,
67,
159,
5,
101,
209,
164,
112,
73,
70,
54,
73,
55,
213,
163,
192,
242,
208,
146,
120,
5,
192,
204,
147,
97,
171,
16,
30,
176,
188,
223,
212,
255,
126,
218,
100,
79,
126,
212,
152,
196,
10,
225,
251,
224,
132,
187,
210,
84,
77,
74,
90,
13,
22,
237,
110,
194,
253,
141,
114,
185,
108,
70,
184,
234,
32,
28,
57,
158,
240,
210,
98,
250,
179,
94,
218,
56,
25,
172,
140,
103,
246,
230,
116,
13,
211,
227,
207,
208,
112,
65,
137,
220,
135,
65,
198,
168,
93,
255,
70,
77,
209,
169,
72,
133,
7,
34,
189,
32,
207,
73,
135,
197,
48,
252,
210,
3,
223,
161,
212,
79,
226,
93,
43,
106,
159,
241,
18,
252,
240,
88,
74,
194,
1,
146,
71,
8,
180,
4,
41,
131,
77,
176,
73,
125,
172,
27,
129,
139,
189,
85,
218,
159,
178,
5,
9,
81,
246,
27,
78,
231,
116,
152,
169,
117,
42,
240,
126,
222,
244,
167,
98,
65,
87,
171,
191,
4,
198,
64,
143,
131,
149,
106,
35,
71,
111,
44,
153,
102,
72,
231,
77,
188,
127,
246,
49,
169,
230,
175,
135,
218,
86,
233,
27,
174,
148,
218,
178,
91,
26,
65,
222,
175,
171,
1,
247,
27,
46,
144,
129,
118,
119,
206,
50,
246,
196,
99,
159,
170,
19,
38,
132,
105,
16,
159,
23,
164,
122,
201,
255,
148,
11,
222,
68,
182,
223,
59,
209,
13,
203,
82,
131,
66,
32,
181,
56,
228,
25,
215,
142,
44,
253,
18,
149,
13,
178,
173,
178,
44,
118,
177,
192,
129,
143,
4,
56,
111,
63,
9,
124,
10,
92,
0,
76,
124,
181,
132,
97,
206,
91,
239,
250,
89,
2,
144,
102,
180,
61,
24,
224,
179,
202,
160,
53,
89,
165,
109,
200,
228,
118,
69,
239,
210,
69,
59,
79,
250,
192,
176,
201,
27,
159,
195,
116,
161,
83,
219,
85,
144,
243,
53,
68,
189,
214,
121,
23,
123,
230,
223,
95,
92,
36,
78,
47,
105,
138,
126,
100,
74,
46,
45,
101,
205,
240,
218,
111,
68,
181,
196,
212,
168,
250,
24,
102,
208,
145,
125,
75,
119,
92,
170,
212,
129,
249,
3,
234,
131,
129,
78,
205,
175,
123,
50,
124,
108,
12,
235,
176,
193,
176,
132,
106,
170,
157,
208,
122,
46,
77,
197,
166,
169,
111,
122,
42,
104,
125,
21,
235,
254,
99,
184,
173,
223,
235,
41,
75,
247,
21,
251,
185,
197,
127,
35,
111,
28,
243,
233,
75,
64,
174,
241,
233,
29,
107,
20,
134,
232,
41,
113,
230,
140,
42,
147,
107,
21,
188,
182,
12,
209,
177,
197,
150,
49,
232,
5,
77,
219,
238,
152,
27,
156,
137,
5,
186,
244,
25,
64,
220,
66,
177,
194,
206,
219,
85,
58,
240,
18,
240,
253,
227,
162,
194,
122,
211,
171,
127,
32,
134,
110,
185,
162,
10,
66,
167,
196,
55,
192,
4,
19,
2,
182,
214,
208,
145,
43,
10,
130,
61,
251,
127,
33,
157,
65,
155,
112,
236,
26,
144,
115,
136,
73,
21,
147,
140,
188,
87,
195,
124,
92,
214,
126,
18,
172,
78,
163,
216,
89,
37,
21,
84,
164,
54,
241,
230,
209,
97,
210,
236,
241,
69,
116,
59,
90,
7,
199,
22,
95,
138,
146,
187,
96,
16,
205,
13,
95,
112,
229,
184,
150,
250,
12,
58,
49,
253,
32,
2,
94,
243,
238,
79,
56,
99,
138,
147,
106,
81,
169,
201,
219,
60,
132,
60,
76,
81,
73,
171,
194,
46,
99,
88,
40,
111,
146,
89,
108,
179,
92,
202,
166,
74,
26,
222,
173,
164,
113,
24,
246,
27,
225,
209,
87,
102,
13,
163,
183,
86,
79,
121,
132,
178,
209,
173,
34,
100,
6,
142,
23,
98,
89,
189,
173,
115,
155,
90,
23,
13,
114,
13,
40,
84,
223,
127,
186,
236,
34,
113,
67,
113,
235,
199,
36,
188,
116,
70,
32,
123,
212,
55,
221,
45,
244,
138,
160,
144,
229,
184,
157,
87,
197,
197,
171,
164,
68,
101,
145,
102,
215,
212,
216,
194,
155,
252,
126,
16,
66,
159,
139,
22,
214,
104,
68,
203,
243,
228,
91,
216,
156,
248,
47,
98,
189,
219,
6,
1,
64,
151,
103,
23,
107,
63,
217,
7,
59,
88,
23,
125,
247,
162,
148,
205,
10,
216,
152,
253,
188,
243,
213,
89,
235,
5,
187,
168,
224,
193,
169,
32,
89,
17,
56,
196,
80,
17,
203,
140,
105,
226,
9,
96,
132,
157,
46,
143,
117,
198,
140,
50,
186,
98,
139,
165,
103,
70,
78,
71,
7,
247,
103,
96,
8,
159,
37,
89,
177,
240,
229,
26,
211,
238,
123,
87,
140,
169,
230,
1,
111,
115,
51,
41,
213,
190,
207,
60,
4,
29,
131,
12,
20,
234,
108,
29,
138,
145,
118,
59,
130,
91,
85,
85,
73,
208,
172,
213,
121,
147,
215,
233,
6,
10,
18,
219,
201,
225,
23,
205,
254,
154,
217,
19,
132,
70,
48,
14,
215,
166,
73,
89,
1,
159,
174,
74,
111,
91,
32,
233,
238,
247,
210,
244,
1,
228,
207,
202,
198,
230,
152,
196,
128,
113,
215,
4,
183,
7,
19,
143,
173,
92,
232,
174,
251,
151,
249,
107,
242,
25,
84,
224,
16,
38,
212,
17,
10,
163,
220,
208,
137,
116,
149,
9,
229,
108,
13,
157,
116,
32,
44,
33,
125,
20,
208,
120,
171,
201,
227,
157,
226,
55,
125,
242,
93,
81,
3,
104,
244,
223,
56,
125,
83,
205,
134,
57,
58,
148,
214,
174,
180,
2,
207,
49,
22,
159,
170,
194,
104,
141,
95,
74,
197,
221,
60,
34,
46,
64,
138,
35,
31,
195,
160,
115,
144,
39,
172,
202,
187,
130,
120,
111,
132,
72,
161,
154,
231,
75,
92,
80,
216,
188,
154,
157,
153,
215,
192,
199,
23,
74,
234,
54,
13,
139,
169,
158,
178,
85,
104,
109,
215,
225,
220,
91,
41,
125,
246,
16,
200,
82,
96,
161,
14,
251,
62,
167,
210,
254,
111,
233,
73,
89,
31,
86,
228,
201,
244,
150,
30,
93,
3,
246,
62,
224,
81,
103,
93,
71,
119,
38,
154,
216,
199,
168,
211,
5,
80,
165,
4,
191,
142,
77,
24,
173,
163,
253,
118,
152,
147,
149,
245,
151,
139,
51,
119,
220,
154,
212,
36,
17,
250,
190,
233,
193,
102,
188,
199,
182,
97,
203,
117,
239,
24,
142,
157,
187,
139,
19,
83,
30,
168,
72,
181,
51,
123,
44,
16,
21,
1,
52,
39,
251,
242,
16,
189,
88,
205,
132,
15,
46,
79,
132,
30,
103,
18,
187,
34,
157,
206,
118,
188,
119,
190,
113,
170,
58,
158,
186,
79,
159,
238,
118,
154,
224,
135,
87,
57,
84,
219,
72,
130,
42,
204,
160,
145,
223,
91,
180,
124,
42,
42,
56,
161,
232,
170,
75,
34,
72,
6,
114,
231,
244,
232,
129,
213,
111,
217,
14,
195,
180,
86,
70,
223,
34,
230,
112,
1,
66,
36,
126,
108,
78,
182,
13,
55,
96,
88,
89,
168,
94,
203,
143,
83,
180,
17,
40,
35,
234,
54,
231,
158,
140,
45,
125,
174,
19,
238,
176,
85,
18,
46,
193,
97,
228,
206,
152,
69,
39,
241,
237,
133,
189,
125,
216,
113,
142,
0,
148,
120,
54,
123,
22,
194,
168,
148,
113,
188,
130,
33,
17,
148,
79,
211,
245,
51,
161,
141,
120,
200,
127,
102,
78,
60,
227,
38,
173,
113,
39,
65,
233,
93,
189,
255,
32,
101,
147,
145,
33,
21,
178,
51,
170,
1,
6,
159,
52,
167,
45,
173,
112,
172,
19,
190,
232,
246,
228,
149,
103,
11,
214,
80,
105,
147,
79,
137,
249,
227,
26,
26,
248,
204,
77,
162,
205,
83,
66,
1,
251,
111,
174,
107,
27,
193,
41,
3,
183,
13,
152,
30,
25,
110,
110,
130,
2,
190,
11,
251,
161,
37,
21,
153,
241,
99,
60,
190,
182,
126,
191,
177,
237,
110,
28,
8,
47,
69,
11,
231,
83,
163,
5,
108,
17,
116,
238,
19,
50,
249,
14,
211,
30,
36,
108,
15,
135,
168,
205,
61,
38,
140,
239,
19,
250,
11,
27,
42,
81,
38,
17,
164,
201,
22,
16,
219,
138,
254,
238,
188,
247,
253,
143,
21,
33,
252,
36,
168,
164,
241,
229,
203,
125,
212,
222,
120,
224,
250,
162,
49,
32,
179,
213,
234,
201,
229,
197,
84,
227,
179,
16,
218,
176,
160,
239,
209,
156,
19,
121,
64,
4,
95,
11,
129,
51,
234,
249,
19,
228,
155,
68,
4,
78,
25,
238,
24,
254,
179,
108,
225,
103,
124,
187,
23,
28,
170,
233,
184,
189,
98,
249,
193,
193,
4,
67,
245,
238,
60,
8,
210,
216,
77,
215,
38,
102,
197,
62,
101,
121,
170,
70,
224,
39,
2,
247,
67,
172,
224,
252,
106,
67,
245,
43,
4,
249,
110,
249,
232,
171,
2,
186,
131,
79,
145,
169,
181,
87,
232,
26,
208,
146,
97,
176,
185,
99,
167,
253,
15,
136,
249,
121,
203,
238,
165,
207,
231,
19,
201,
207,
190,
203,
138,
65,
26,
27,
235,
207,
114,
211,
234,
66,
101,
75,
242,
31,
174,
154,
28,
189,
34,
21,
55,
237,
3,
220,
188,
234,
239,
133,
186,
174,
80,
68,
239,
106,
95,
218,
58,
210,
173,
36,
20,
19,
111,
7,
50,
29,
161,
78,
218,
195,
99,
17,
176,
102,
237,
108,
80,
221,
242,
10,
139,
66,
78,
122,
173,
174,
85,
231,
128,
2,
11,
148,
21,
122,
155,
71,
151,
60,
149,
113,
255,
248,
131,
175,
94,
112,
28,
175,
77,
14,
185,
216,
80,
8,
83,
253,
182,
168,
228,
54,
170,
239,
202,
192,
105,
102,
7,
0,
162,
157,
114,
162,
149,
245,
81,
244,
101,
109,
163,
179,
123,
92,
139,
204,
100,
222,
201,
26,
134,
174,
80,
49,
157,
27,
241,
7,
129,
248,
7,
35,
149,
121,
197,
43,
110,
23,
31,
212,
132,
194,
135,
0,
30,
18,
204,
131,
241,
149,
157,
119,
67,
238,
168,
225,
9,
153,
232,
138,
146,
239,
173,
39,
105,
115,
82,
215,
138,
113,
171,
14,
51,
50,
14,
82,
69,
218,
213,
54,
112,
114,
173,
179,
96,
86,
148,
105,
239,
124,
243,
129,
108,
161,
169,
213,
20,
251,
172,
158,
109,
88,
172,
160,
138,
187,
242,
207,
149,
199,
5,
5,
58,
179,
185,
154,
9,
77,
4,
248,
202,
247,
122,
54,
152,
35,
11,
172,
30,
183,
74,
139,
15,
247,
44,
154,
178,
30,
105,
71,
230,
111,
77,
32,
34,
6,
186,
43,
83,
190,
35,
29,
182,
157,
83,
78,
192,
94,
251,
223,
22,
69,
106,
37,
60,
150,
191,
238,
181,
41,
54,
155,
152,
131,
187,
186,
137,
117,
229,
220,
52,
8,
250,
234,
166,
77,
56,
102,
172,
51,
69,
194,
121,
176,
231,
181,
70,
167,
164,
251,
208,
218,
150,
104,
93,
81,
34,
230,
199,
7,
194,
251,
15,
188,
229,
181,
10,
29,
28,
182,
81,
97,
120,
202,
17,
95,
127,
88,
6,
35,
83,
214,
253,
234,
62,
90,
59,
96,
64,
2,
103,
3,
253,
119,
191,
226,
44,
201,
0,
72,
127,
81,
170,
247,
27,
187,
87,
154,
19,
93,
190,
103,
52,
187,
81,
114,
22,
140,
211,
86,
143,
58,
89,
140,
177,
25,
111,
222,
226,
111,
38,
98,
192,
208,
89,
219,
140,
176,
117,
159,
14,
51,
6,
66,
239,
87,
180,
5,
228,
135,
91,
115,
194,
181,
255,
115,
206,
110,
81,
176,
221,
120,
18,
157,
72,
108,
120,
212,
28,
238,
116,
42,
33,
122,
108,
16,
210,
33,
21,
182,
168,
113,
41,
106,
38,
40,
222,
244,
151,
47,
164,
116,
167,
183,
18,
240,
35,
138,
196,
63,
120,
56,
106,
154,
179,
214,
170,
133,
247,
192,
59,
160,
49,
100,
10,
87,
140,
232,
75,
35,
24,
239,
152,
191,
166,
170,
175,
201,
52,
116,
9,
173,
172,
115,
71,
95,
73,
241,
228,
65,
177,
31,
225,
226,
131,
235,
57,
16,
212,
132,
51,
236,
116,
203,
171,
26,
117,
91,
228,
170,
207,
237,
87,
123,
96,
158,
219,
169,
143,
191,
234,
65,
223,
203,
35,
98,
183,
93,
114,
139,
225,
166,
119,
85,
113,
34,
112,
231,
125,
84,
145,
76,
65,
232,
200,
161,
134,
163,
74,
21,
98,
53,
86,
65,
0,
122,
164,
183,
215,
22,
66,
184,
188,
185,
14,
46,
220,
126,
21,
89,
210,
166,
166,
19,
142,
110,
180,
20,
17,
254,
41,
115,
51,
128,
181,
52,
250,
89,
235,
209,
111,
46,
137,
44,
231,
151,
90,
195,
21,
111,
29,
231,
21,
195,
250,
163,
49,
174,
183,
66,
173,
224,
181,
224,
96,
106,
20,
90,
195,
0,
43,
51,
46,
181,
95,
21,
76,
185,
217,
98,
40,
246,
73,
61,
185,
68,
224,
234,
242,
151,
44,
159,
119,
225,
128,
216,
76,
148,
50,
15,
148,
94,
66,
194,
19,
161,
216,
95,
90,
177,
193,
130,
167,
11,
191,
96,
79,
159,
74,
65,
54,
118,
225,
174,
87,
97,
134,
163,
245,
184,
179,
138,
22,
245,
76,
41,
151,
36,
137,
241,
213,
74,
116,
124,
85,
51,
220,
164,
211,
38,
230,
9,
156,
199,
183,
244,
40,
61,
151,
29,
246,
74,
167,
12,
64,
244,
54,
215,
24,
191,
200,
238,
9,
60,
106,
95,
112,
71,
3,
67,
109,
233,
76,
10,
176,
4,
254,
216,
65,
149,
246,
55,
224,
157,
68,
32,
145,
122,
247,
170,
57,
191,
152,
66,
252,
2,
161,
108,
73,
165,
175,
183,
142,
251,
193,
63,
255,
191,
23,
65,
84,
13,
120,
52,
171,
188,
84,
60,
54,
75,
230,
111,
11,
126,
178,
7,
129,
83,
115,
202,
248,
34,
129,
135,
29,
66,
198,
29,
1,
221,
94,
86,
235,
214,
138,
150,
147,
223,
210,
201,
42,
185,
57,
53,
55,
235,
60,
184,
62,
175,
131,
55,
209,
4,
190,
239,
71,
132,
12,
72,
97,
106,
158,
76,
64,
41,
226,
211,
8,
181,
157,
50,
110,
214,
104,
165,
193,
164,
94,
255,
84,
225,
54,
37,
229,
244,
20,
44,
120,
32,
117,
218,
138,
19,
38,
203,
60,
9,
158,
68,
190,
59,
119,
44,
17,
223,
209,
210,
131,
47,
210,
215,
16,
8,
253,
246,
253,
17,
34,
117,
50,
151,
79,
188,
171,
118,
135,
231,
127,
38,
44,
61,
97,
163,
105,
115,
130,
58,
69,
5,
106,
23,
221,
122,
32,
218,
112,
29,
235,
147,
146,
29,
42,
226,
218,
213,
88,
97,
189,
215,
135,
233,
20,
233,
140,
125,
92,
14,
183,
161,
19,
33,
185,
240,
156,
217,
202,
12,
246,
182,
159,
136,
211,
202,
106,
173,
159,
194,
15,
92,
153,
150,
69,
173,
127,
209,
42,
219,
223,
226,
125,
243,
3,
54,
227,
159,
15,
174,
172,
5,
100,
75,
141,
55,
21,
248,
229,
181,
186,
244,
17,
84,
138,
87,
1,
10,
40,
44,
229,
8,
14,
98,
251,
17,
152,
222,
177,
167,
140,
93,
172,
240,
168,
58,
40,
190,
50,
13,
115,
236,
1,
132,
64,
139,
219,
66,
149,
4,
110,
123,
12,
124,
221,
7,
141,
118,
229,
62,
29,
114,
155,
202,
98,
68,
4,
138,
2,
54,
151,
117,
34,
152,
249,
99,
36,
213,
165,
185,
217,
19,
52,
229,
143,
18,
236,
28,
136,
209,
91,
165,
67,
246,
111,
166,
58,
115,
48,
60,
169,
200,
177,
204,
96,
171,
47,
132,
128,
212,
62,
89,
231,
114,
62,
118,
132,
42,
146,
12,
251,
237,
178,
63,
228,
33,
229,
30,
149,
21,
91,
62,
221,
12,
10,
62,
183,
57,
194,
55,
13,
0,
144,
244,
115,
206,
106,
247,
248,
253,
4,
244,
234,
182,
51,
206,
215,
24,
237,
108,
45,
72,
171,
11,
84,
181,
73,
12,
239,
11,
67,
252,
12,
212,
241,
127,
162,
91,
118,
155,
88,
122,
143,
67,
48,
194,
17,
8,
218,
254,
116,
7,
70,
31,
18,
155,
213,
91,
167,
196,
103,
234,
192,
115,
190,
177,
242,
97,
13,
104,
252,
101,
227,
139,
168,
19,
77,
186,
27,
39,
184,
144,
46,
255,
175,
65,
154,
132,
156,
65,
72,
3,
43,
9,
118,
234,
186,
104,
75,
199,
209,
71,
45,
180,
210,
213,
199,
31,
143,
227,
70,
72,
115,
116,
71,
34,
181,
225,
167,
82,
34,
239,
85,
77,
248,
204,
55,
179,
52,
130,
122,
5,
201,
167,
185,
155,
125,
129,
186,
12,
100,
0,
84,
215,
117,
155,
249,
42,
124,
160,
124,
158,
144,
210,
};